#,head_p,head_y,head_r,gaze_x,gaze_y,diameter_l,diameter_r,open_l,open_r,gvd,act,qoe,quality,cyb,fat,imm
0,0.4969435,0.51459662,0.49776576,0.50756513,0.49924649,8.0,8.0706914,1,1,101.59375776,1,1,1080_p,high,high,low
1,0.44166795,0.41935287,0.52362097,0.46857316,0.47938866,11.9728706,11.99587259,1,1,210.24695064,1
2,0.40325036,0.35027988,0.53769187,0.50891137,0.45980969,11.77156517,11.86025581,1,1,210.24695064,1
3,0.35497808,0.26707026,0.55061735,0.46873966,0.44076756,12.0026466,12.06275225,1,1,210.24695064,1
4,0.34157081,0.21171088,0.55932088,0.42974102,0.42197258,12.37289026,12.49297064,1,1,210.24695064,1
5,0.34137585,0.21336163,0.55937197,0.46720961,0.44351472,12.11638118,12.14372915,1,1,210.24695064,1
6,0.40052866,0.26865045,0.56104346,0.42786542,0.42465297,12.14901088,12.26737106,1,1,210.24695064,1
7,0.40352354,0.28485913,0.55877098,0.38930843,0.40618648,11.85413783,11.87549408,1,1,210.24695064,1
8,0.40276959,0.27765198,0.57603941,0.40948801,0.38806693,12.02891627,12.0505084,1,1,210.24695064,1
9,0.40948035,0.29215521,0.56559933,0.41121418,0.37059788,11.81304625,11.82596144,1,1,210.24695064,1
10,0.42120786,0.28912995,0.5570963,0.45298893,0.39256775,11.94124725,12.02943194,1,1,210.24695064,1
11,0.44562973,0.30634355,0.56667576,0.41392915,0.39403617,12.40015828,12.41862943,1,1,210.24695064,1
12,0.43235021,0.30550295,0.5764663,0.41365172,0.37615545,12.07882072,12.12911638,1,1,210.24695064,1
13,0.44043918,0.3098977,0.55610316,0.37568502,0.39548153,11.91434165,12.03252444,1,1,210.24695064,1
14,0.44692095,0.31304938,0.55888982,0.39545116,0.41756971,12.17956363,12.18358553,1,1,210.24695064,1
15,0.45008653,0.30895721,0.57821539,0.4375421,0.3994741,11.56053524,11.59435874,1,1,210.24695064,1
16,0.44966327,0.30958596,0.57840045,0.3987924,0.38148462,12.15961577,12.17922043,1,1,210.24695064,1
17,0.49937798,0.37143301,0.5834089,0.38005147,0.3680905,12.09607896,12.17585044,1,1,210.24695064,1
18,0.51560858,0.37173817,0.60206076,0.34269176,0.39035951,12.01764087,12.08849784,1,1,210.24695064,1
19,0.50472795,0.380509,0.57547539,0.38545658,0.37257964,12.25584508,12.33579456,1,1,210.24695064,1
20,0.50865537,0.37161822,0.58028912,0.34909183,0.39458355,12.08298947,12.12205937,1,1,210.24695064,1
21,0.51765273,0.39074906,0.57996354,0.39185603,0.37669188,12.05916978,12.13758434,1,1,210.24695064,1
22,0.53235553,0.37779711,0.58031944,0.43399894,0.35916321,11.84644664,11.91255858,1,1,210.24695064,1
23,0.5332846,0.38061154,0.58022599,0.45501274,0.38150609,11.75301239,11.85153371,1,1,210.24695064,1
24,0.57430687,0.38574638,0.59838313,0.4959124,0.36387598,11.96420842,11.97099382,1,1,210.24695064,1
25,0.5617448,0.40124604,0.60601253,0.53599065,0.34659848,11.90452884,11.90774403,1,1,210.24695064,1
26,0.58215993,0.39896044,0.59411566,0.49527085,0.36966481,11.93488137,12.04657392,1,1,210.24695064,1
27,0.55380046,0.40606608,0.58796577,0.53420809,0.35227582,11.88270698,11.9140937,1,1,210.24695064,1
28,0.56036254,0.4274146,0.58972156,0.57352393,0.33523031,12.21415864,12.27797377,1,1,210.24695064,1
29,0.55430817,0.42404383,0.58306233,0.61201956,0.32919232,12.25366592,12.3108919,1,1,210.24695064,1
30,0.54790415,0.45015061,0.59330689,0.64977894,0.31260847,11.74128857,11.80150679,1,1,210.24695064,1
31,0.55558819,0.45397842,0.6032344,0.68678336,0.30705814,12.03379989,12.05530742,1,1,210.24695064,1
32,0.55522533,0.45279637,0.60365254,0.64421422,0.30646808,12.42545491,12.45803996,1,1,210.24695064,1
33,0.52040873,0.38547936,0.61010809,0.6013594,0.33033716,12.33984266,12.35726009,1,1,210.24695064,1
34,0.5425347,0.39564844,0.62536803,0.55974902,0.35349596,12.02675638,12.03765682,1,1,210.24695064,1
35,0.5289041,0.40712868,0.59253767,0.59855397,0.37641993,11.95502759,11.99736358,1,1,210.24695064,1
36,0.51539267,0.40331821,0.60158981,0.5566765,0.39889153,11.81416255,11.85581971,1,1,210.24695064,1
37,0.51846029,0.38995158,0.58482433,0.59262707,0.40422467,12.2677556,12.35826128,1,1,210.24695064,1
38,0.50055514,0.41518499,0.58552887,0.55077454,0.38614018,12.14823594,12.17112951,1,1,210.24695064,1
39,0.50076308,0.41358476,0.5851401,0.50980375,0.36888775,11.6709671,11.69835598,1,1,210.24695064,1
40,0.55246898,0.41441778,0.59376632,0.54953009,0.35151,12.06699554,12.17307618,1,1,210.24695064,1
41,0.57078381,0.44078384,0.60660611,0.50853961,0.37447976,11.98142443,12.08983946,1,1,210.24695064,1
42,0.56712617,0.44712961,0.57990032,0.54836541,0.3969897,11.82217429,11.8902343,1,1,210.24695064,1
43,0.56154264,0.4528462,0.58770901,0.5073981,0.37919512,11.95457119,11.98066544,1,1,210.24695064,1
44,0.55407359,0.45561355,0.57645879,0.46725638,0.401611,12.20796723,12.28936908,1,1,210.24695064,1
45,0.52895409,0.46849397,0.59534888,0.42795253,0.3840824,12.03463775,12.03590682,1,1,210.24695064,1
46,0.54221068,0.46410091,0.58761801,0.46939316,0.36959255,11.74636044,11.80360682,1,1,210.24695064,1
47,0.54189769,0.4634173,0.58753661,0.48949902,0.39220067,12.39539488,12.3988798,1,1,210.24695064,1
48,0.51929136,0.44447866,0.60576105,0.47832719,0.41435655,11.74010048,11.74903471,1,1,210.24695064,1
49,0.52270229,0.44121022,0.58956904,0.43876065,0.4360694,11.96021815,12.0339756,1,1,210.24695064,1
50,0.50848226,0.42634728,0.60371582,0.45044697,0.45733109,12.12985676,12.14053609,1,1,210.24695064,1
51,0.51347018,0.43333631,0.60710277,0.49143803,0.44868404,11.78828659,11.84589811,1,1,210.24695064,1
52,0.49220374,0.417449,0.57830052,0.49990846,0.46855763,12.13926656,12.14021706,1,1,210.24695064,1
53,0.49825736,0.40814257,0.60160107,0.53990749,0.48740617,12.26015134,12.35954351,1,1,210.24695064,1
54,0.50866263,0.41651634,0.58281559,0.57910934,0.50765805,11.76824328,11.80914752,1,1,210.24695064,1
55,0.50876417,0.41642081,0.5826618,0.56504138,0.52750391,12.07474246,12.12544459,1,1,210.24695064,1
56,0.56612891,0.39781544,0.58919776,0.60142818,0.50743634,11.8477876,11.91815039,1,1,210.24695064,1
57,0.56720524,0.41335802,0.59468869,0.63773345,0.52712914,11.72216015,11.78157668,1,1,210.24695064,1
58,0.57073835,0.43757769,0.58589302,0.61148335,0.50756458,12.33367858,12.44131681,1,1,210.24695064,1
59,0.5390065,0.43809287,0.59749546,0.64921082,0.49915099,12.16365627,12.16815969,1,1,210.24695064,1
60,0.55540289,0.45494702,0.57951076,0.6861898,0.47920929,11.99571762,12.03416135,1,1,210.24695064,1
61,0.55500116,0.45594582,0.57969797,0.72239555,0.48141676,12.06389381,12.10499422,1,1,210.24695064,1
62,0.54377363,0.41216544,0.60749256,0.67795598,0.50178842,11.5678866,11.57473053,1,1,210.24695064,1
63,0.51823642,0.4067777,0.59369919,0.63439686,0.48176151,12.10916987,12.11472416,1,1,210.24695064,1
64,0.52297939,0.40899219,0.57629968,0.66852354,0.50199961,11.96909663,12.0270951,1,1,210.24695064,1
65,0.5317501,0.42547737,0.57625951,0.70511049,0.52096794,11.87298608,11.95303406,1,1,210.24695064,1
66,0.50683699,0.42049388,0.58461183,0.73821796,0.54040978,12.05140848,12.13384746,1,1,210.24695064,1
67,0.50713146,0.41791721,0.5845681,0.77345354,0.55960084,12.08971311,12.15586797,1,1,210.24695064,1
68,0.58113469,0.44099189,0.59811418,0.72798447,0.53841154,11.91380804,11.99078307,1,1,210.24695064,1
69,0.571592,0.43250288,0.59334679,0.76308414,0.5188282,12.20252393,12.26085868,1,1,210.24695064,1
70,0.58170062,0.45850881,0.60897894,0.78803988,0.49845167,12.0514727,12.0999298,1,1,210.24695064,1
71,0.54692163,0.46360626,0.58627686,0.76023273,0.48369735,11.92039044,11.94520451,1,1,210.24695064,1
72,0.54590565,0.48073246,0.58759595,0.71505312,0.4875805,12.17961286,12.21332009,1,1,210.24695064,1
73,0.54178613,0.46558056,0.58871217,0.67075229,0.46861818,11.75933269,11.8424739,1,1,210.24695064,1
74,0.53920639,0.4830001,0.57603368,0.70710526,0.4492786,11.67237198,11.73637839,1,1,210.24695064,1
75,0.53864178,0.48063044,0.57568649,0.74008015,0.43029321,12.16631437,12.2771824,1,1,210.24695064,1
76,0.51944327,0.42651914,0.58442409,0.77486629,0.45168734,11.72212489,11.7975801,1,1,210.24695064,1
77,0.52328732,0.43880435,0.58055061,0.80793174,0.43265378,12.28458509,12.29572906,1,1,210.24695064,1
78,0.50633703,0.42670097,0.56652816,0.7617743,0.41833077,12.00495146,12.12183567,1,1,210.24695064,1
79,0.50839203,0.43093514,0.56834649,0.79653881,0.43995842,11.67212758,11.71345636,1,1,210.24695064,1
80,0.48620739,0.44156895,0.58085941,0.75060884,0.44021229,12.00971112,12.09474039,1,1,210.24695064,1
81,0.48697599,0.43934553,0.58093155,0.78559655,0.42141972,11.75217634,11.84957887,1,1,210.24695064,1
82,0.49728149,0.51652729,0.49227423,0.81988461,0.44299132,11.88345462,11.97751519,1,1,210.24695064,1
83,0.51514597,0.49946246,0.40067643,0.77350491,0.42575834,11.94722504,11.95218586,1,1,210.24695064,1
84,0.53642751,0.50073664,0.31269451,0.72803524,0.44715327,11.94785538,12.00287145,1,1,210.24695064,1
85,0.54652346,0.47860243,0.24797942,0.68347454,0.42923665,12.27721364,12.33193531,1,1,210.24695064,1
86,0.54650662,0.47912765,0.24819717,0.71980505,0.42193809,11.98608077,12.06245687,1,1,210.24695064,1
87,0.57441484,0.42619215,0.26530417,0.67540895,0.44163926,12.05291799,12.11017909,1,1,210.24695064,1
88,0.54802655,0.43087938,0.27719877,0.67823414,0.42280836,11.95402351,11.98310183,1,1,210.24695064,1
89,0.5344016,0.44645188,0.29447801,0.63645287,0.40435231,12.29356781,12.30625826,1,1,210.24695064,1
90,0.53284225,0.45170149,0.31451542,0.67372168,0.38626528,11.99524176,12.02781387,1,1,210.24695064,1
91,0.53938698,0.47835841,0.31968284,0.63024734,0.36853997,11.78837433,11.83406575,1,1,210.24695064,1
92,0.53910834,0.48048326,0.31934932,0.58764889,0.37969131,12.06834953,12.12234357,1,1,210.24695064,1
93,0.58436438,0.46216414,0.32634471,0.54589591,0.36590029,11.80577978,11.88780085,1,1,210.24695064,1
94,0.59901559,0.45826444,0.33215467,0.57824324,0.34858258,11.92258278,11.95750981,1,1,210.24695064,1
95,0.56423056,0.47348276,0.33594362,0.53667843,0.36247672,12.10850403,12.17880595,1,1,210.24695064,1
96,0.57999643,0.47975292,0.35597685,0.49594487,0.38522719,12.01028856,12.07697998,1,1,210.24695064,1
97,0.57539994,0.4961801,0.35879868,0.45608652,0.40739913,11.98154438,12.02779857,1,1,210.24695064,1
98,0.53936523,0.4960851,0.35281022,0.41707131,0.38925115,11.8172421,11.83557751,1,1,210.24695064,1
99,0.53920847,0.49352004,0.35262629,0.37872988,0.41146613,11.98897531,12.10085937,1,1,210.24695064,1
100,0.58236782,0.46037475,0.38085728,0.42115446,0.43323681,12.02831346,12.12744667,1,1,210.24695064,1
101,0.56334944,0.47269956,0.37662833,0.42347766,0.45457207,11.96180214,11.96383492,1,1,210.24695064,1
102,0.57137467,0.47331344,0.39198038,0.41260044,0.47548063,11.81036155,11.83532543,1,1,210.24695064,1
103,0.55319426,0.47980532,0.39548706,0.44661164,0.49597101,12.0143619,12.09476575,1,1,210.24695064,1
104,0.54387711,0.48282972,0.39678655,0.40767942,0.47605159,11.96428897,11.96701298,1,1,210.24695064,1
105,0.54386442,0.4852188,0.39673249,0.44845909,0.45679482,12.23485096,12.32313502,1,1,210.24695064,1
106,0.54287301,0.42581904,0.4115432,0.40949758,0.46455214,11.62971965,11.6623345,1,1,210.24695064,1
107,0.53237025,0.42357766,0.41457799,0.45130319,0.45519852,11.94018008,12.00073182,1,1,210.24695064,1
108,0.50207538,0.43807493,0.41209305,0.41227715,0.47609455,11.78482605,11.88879649,1,1,210.24695064,1
109,0.5069113,0.43920245,0.41712371,0.44387042,0.4565735,12.33272513,12.45388715,1,1,210.24695064,1
110,0.51026656,0.45444826,0.43191961,0.40509797,0.47705532,12.15561795,12.20332134,1,1,210.24695064,1
111,0.51031098,0.45434013,0.43210086,0.44463106,0.47656214,12.15439439,12.1703063,1,1,210.24695064,1
112,0.58471417,0.4704762,0.44792185,0.48573834,0.45703286,12.19836069,12.20282428,1,1,210.24695064,1
113,0.58381288,0.47984053,0.44480597,0.48993025,0.43794616,11.98369571,12.09752328,1,1,210.24695064,1
114,0.56374304,0.48730432,0.45009206,0.45224804,0.41921891,11.71733446,11.76842715,1,1,210.24695064,1
115,0.56927524,0.4921002,0.46442665,0.49319917,0.42835135,12.12599899,12.19388679,1,1,210.24695064,1
116,0.57262429,0.51146657,0.46535297,0.45333748,0.40986417,12.06728826,12.17458665,1,1,210.24695064,1
117,0.56713818,0.49346868,0.45489362,0.41433617,0.43136504,11.72515467,11.7548269,1,1,210.24695064,1
118,0.5673155,0.49023351,0.45450382,0.45164928,0.44302099,12.12945194,12.20206175,1,1,210.24695064,1
119,0.54576469,0.44939569,0.46375989,0.41264222,0.42416067,11.6459072,11.68723902,1,1,210.24695064,1
120,0.56420763,0.45844867,0.4809187,0.45381731,0.44525615,12.19548948,12.30628488,1,1,210.24695064,1
121,0.53422063,0.45348362,0.47482275,0.41474719,0.42635104,11.96319832,12.0308196,1,1,210.24695064,1
122,0.53937955,0.46862916,0.48737465,0.45645,0.44781256,12.10384115,12.13565157,1,1,210.24695064,1
123,0.51158236,0.45743819,0.46297704,0.4973209,0.42885638,12.28437274,12.32174526,1,1,210.24695064,1
124,0.51130277,0.45429548,0.46528321,0.53665019,0.41460303,11.85597647,11.91287423,1,1,210.24695064,1
125,0.511338,0.45109971,0.46552593,0.49625394,0.43520345,11.76092756,11.8745381,1,1,210.24695064,1
126,0.57980349,0.47372902,0.48946161,0.45633036,0.45649938,12.04352541,12.14527067,1,1,210.24695064,1
127,0.57254984,0.4690442,0.47294756,0.41722484,0.43964484,12.14779543,12.18503189,1,1,210.24695064,1
128,0.57815266,0.48622721,0.47107888,0.4588726,0.42100474,12.10061741,12.1651623,1,1,210.24695064,1
129,0.57095464,0.48525818,0.48606809,0.49778892,0.40669877,11.91767173,11.98649286,1,1,210.24695064,1
130,0.56182981,0.48863387,0.48280721,0.53783311,0.38898433,11.92563119,11.99099482,1,1,210.24695064,1
131,0.53965932,0.49292515,0.46990056,0.5770358,0.39664679,11.95832307,12.04970719,1,1,210.24695064,1
132,0.55533308,0.50192159,0.47856092,0.61549161,0.37871385,12.20620868,12.26919103,1,1,210.24695064,1
133,0.55505203,0.50031563,0.47898231,0.65295828,0.39498246,12.17171752,12.19738575,1,1,210.24695064,1
134,0.60834088,0.47540048,0.50803228,0.65824796,0.41708281,12.28157528,12.29889874,1,1,210.24695064,1
135,0.61373393,0.48039533,0.487856,0.69456803,0.39877111,12.09499404,12.20873848,1,1,210.24695064,1
136,0.59236024,0.48399273,0.50326008,0.7306698,0.38081781,11.86044283,11.91987746,1,1,210.24695064,1
137,0.59378306,0.51217824,0.49586789,0.76173099,0.36320149,12.29946008,12.4186348,1,1,210.24695064,1
138,0.56366321,0.50470869,0.48929198,0.71649637,0.38590105,12.05015008,12.12871456,1,1,210.24695064,1
139,0.56726723,0.5371361,0.50308241,0.67216645,0.36843932,12.13164472,12.17210387,1,1,210.24695064,1
140,0.54727298,0.53567501,0.48857451,0.63370032,0.35139215,11.65958573,11.67297995,1,1,210.24695064,1
141,0.54705192,0.53736234,0.48877083,0.67102602,0.33436978,12.30516582,12.39456064,1,1,210.24695064,1
142,0.52168536,0.49773485,0.50309416,0.6276055,0.35765349,12.09706395,12.15902901,1,1,210.24695064,1
143,0.51135357,0.48598231,0.50325935,0.66477422,0.34084781,12.25658304,12.35935593,1,1,210.24695064,1
144,0.49450803,0.49792699,0.51280203,0.62147874,0.32403085,11.90112596,12.00266271,1,1,210.24695064,1
145,0.49864413,0.49466101,0.51292832,0.65904917,0.33241804,12.28505998,12.36234192,1,1,210.24695064,1
146,0.50566782,0.487746,0.4983563,0.61600616,0.35539466,12.077401,12.10238349,1,1,210.24695064,1
147,0.49196768,0.48421899,0.51436474,0.65368604,0.37764221,11.6975835,11.76542464,1,1,210.24695064,1
148,0.49186463,0.48742253,0.51454572,0.61362624,0.374362,12.17905253,12.25816479,1,1,210.24695064,1
149,0.54517541,0.51420735,0.51630894,0.635475,0.39687475,11.98448727,12.04347296,1,1,210.24695064,1
150,0.53603088,0.53257724,0.5367803,0.67276545,0.41893725,11.87693644,11.87839921,1,1,210.24695064,1
151,0.5275768,0.51422238,0.53923738,0.70929452,0.44055828,12.19703091,12.22428859,1,1,210.24695064,1
152,0.54352195,0.53764438,0.52480688,0.58510863,0.49636956,12.16033138,12.22270692,1,1,210.24695064,0
153,0.52805756,0.54171054,0.53539541,0.46341131,0.55248872,12.07037386,12.18796749,1,1,210.24695064,0
154,0.54420484,0.53703225,0.51525509,0.58399984,0.61320353,11.58534841,11.63807416,1,1,210.24695064,0
155,0.52467717,0.55655213,0.51290198,0.65799653,0.64666618,12.17559947,12.28271803,1,1,210.24695064,0
156,0.52374344,0.55696766,0.51319189,0.77482098,0.7034969,11.87239323,11.94099941,1,1,210.24695064,0
157,0.49683386,0.53476628,0.51220908,0.65238149,0.64469051,11.85962493,11.87433682,1,1,210.24695064,0
158,0.5539107,0.46474189,0.5012606,0.52949464,0.70164288,12.17405215,12.28168069,1,1,210.24695064,0
159,0.58519961,0.36641049,0.47355295,0.40890475,0.76104973,11.72485811,11.74539256,1,1,210.24695064,0
160,0.62831923,0.31601573,0.46931482,0.29072666,0.82286972,12.0835702,12.11157591,1,1,210.24695064,0
161,0.64774097,0.25967787,0.44215273,0.41188352,0.88704057,11.93745,11.96957618,1,1,210.24695064,0
162,0.64782151,0.26244609,0.44250057,0.29382838,0.9488029,11.99280755,12.07412948,1,1,210.24695064,0
163,0.70004134,0.31516392,0.46313083,0.17811738,0.91605497,12.16703889,12.27119119,1,1,210.24695064,0
164,0.67477541,0.39746105,0.46830955,0.30455503,0.98249262,12.08593302,12.14981413,1,1,210.24695064,0
165,0.65754608,0.48340106,0.50026118,0.42846385,1,12.05049276,12.07395817,1,1,210.24695064,0
166,0.62668413,0.56682025,0.50373813,0.30989457,1,12.01026173,12.02862621,1,1,210.24695064,0
167,0.6123775,0.63329499,0.51317869,0.43366436,1,12.13612656,12.22381132,1,1,210.24695064,0
168,0.58881547,0.68436501,0.53682373,0.31499147,0.94132671,11.92567378,12.03764362,1,1,210.24695064,0
169,0.58877,0.68262972,0.53708902,0.21802319,0.89625653,12.26631897,12.2899427,1,1,210.24695064,0
170,0.53399283,0.62366631,0.53746517,0.34256235,0.84189607,11.94051343,11.98938864,1,1,210.24695064,0
171,0.48802409,0.56240832,0.5246627,0.22574098,0.78504483,11.94708802,11.95339988,1,1,210.24695064,0
172,0.46383714,0.47505114,0.50413993,0.11124422,0.75784019,12.32216199,12.42534942,1,1,210.24695064,0
173,0.43939339,0.38378984,0.5073407,0.08274564,0.7109386,11.93451865,11.97638231,1,1,210.24695064,0
174,0.41012197,0.34340766,0.48155059,0.21109072,0.7792836,11.6771008,11.76553878,1,1,210.24695064,0
175,0.40511106,0.29139489,0.49639924,0.33675519,0.78186345,11.94853149,12.0019508,1,1,210.24695064,0
176,0.40512178,0.28915666,0.49655421,0.46002005,0.84441499,12.05665464,12.13937673,1,1,210.24695064,0
177,0.48755966,0.3790792,0.51533597,0.34086599,0.9049471,11.95239428,12.02093715,1,1,210.24695064,0
178,0.49371693,0.4249167,0.52489834,0.30715933,0.85601007,12.06119495,12.17435234,1,1,210.24695064,0
179,0.51811143,0.50252118,0.52663152,0.19101713,0.91986625,11.84232719,11.89102362,1,1,210.24695064,0
180,0.51596456,0.61534381,0.52229325,0.27591083,0.98598476,11.73319248,11.83919213,1,1,210.24695064,0
181,0.54863797,0.70861788,0.51420411,0.40038907,1,11.82201371,11.91012304,1,1,210.24695064,0
182,0.54575736,0.77667225,0.5043911,0.4308801,0.97,11.9323925,11.9465964,1,1,210.24695064,1
183,0.55228011,0.81336035,0.51034303,0.3922625,0.9507091,11.74403075,11.77464128,1,1,210.24695064,1
184,0.55143597,0.81348503,0.51073789,0.43441622,0.9616949,11.89880219,11.98374026,1,1,210.24695064,1
185,0.51349066,0.80581835,0.51718293,0.47473808,0.93246105,11.99446101,12.10342071,1,1,210.24695064,1
186,0.49950231,0.80095548,0.52727045,0.51523885,0.94272749,12.16589712,12.23039878,1,1,210.24695064,1
187,0.51383624,0.79687395,0.53194062,0.47493408,0.91391926,12.09135406,12.11562629,1,1,210.24695064,1
188,0.51664276,0.7849894,0.52331624,0.43549886,0.92564087,12.21029501,12.22020756,1,1,210.24695064,1
189,0.51785179,0.78999117,0.53288562,0.39678888,0.89746505,12.05266475,12.08825715,1,1,210.24695064,1
190,0.49246149,0.77251254,0.52282319,0.35885327,0.90386145,11.80852354,11.89263896,1,1,210.24695064,1
191,0.49955177,0.76944135,0.52169162,0.4016762,0.87578492,12.17588241,12.25883633,1,1,210.24695064,1
192,0.49965358,0.76929561,0.52186626,0.44330113,0.84826927,12.06422059,12.08617101,1,1,210.24695064,1
193,0.46727436,0.79696246,0.53383082,0.47305645,0.82130389,11.76089319,11.79714433,1,1,210.24695064,1
194,0.45213284,0.79683089,0.53339144,0.43394544,0.83487747,11.9420867,11.99481242,1,1,210.24695064,1
195,0.48085265,0.75519143,0.53319172,0.47447015,0.8131505,11.79063359,11.90703405,1,1,210.24695064,1
196,0.47997808,0.76944948,0.53741055,0.50904001,0.82688748,11.72707917,11.80952017,1,1,210.24695064,1
197,0.46993688,0.75531365,0.52874892,0.47476643,0.80052869,11.92025028,11.96778597,1,1,210.24695064,1
198,0.47106307,0.73321658,0.547429,0.5152711,0.77451814,11.9132947,12.01932218,1,1,210.24695064,1
199,0.48958812,0.74101263,0.54805547,0.47496568,0.74951056,11.75933643,11.87612436,1,1,210.24695064,1
200,0.49213391,0.70580057,0.54776582,0.51116685,0.72452039,12.05530454,12.0559394,1,1,210.24695064,1
201,0.48909379,0.72844444,0.53418225,0.55094351,0.74002992,11.98008,12.05850178,1,1,210.24695064,1
202,0.48914913,0.72370194,0.5346321,0.51066008,0.7152295,12.27519413,12.3220009,1,1,210.24695064,1
203,0.46886933,0.74093171,0.53632649,0.55044687,0.69092494,12.01377943,12.0562627,1,1,210.24695064,1
204,0.4643597,0.73055128,0.53365733,0.56047736,0.70710638,11.92508375,11.95767121,1,1,210.24695064,1
205,0.45763145,0.72571062,0.55477135,0.59922579,0.72296422,12.25268108,12.29672541,1,1,210.24695064,1
206,0.46261979,0.71763388,0.53978182,0.55728741,0.73382188,11.86167902,11.95883115,1,1,210.24695064,1
207,0.485586,0.69471901,0.54759631,0.51948104,0.74914544,12.45199021,12.46944535,1,1,210.24695064,1
208,0.47126308,0.70460763,0.5500926,0.4790918,0.76416222,11.82106704,11.84412538,1,1,210.24695064,1
209,0.4946873,0.71129976,0.54387381,0.51857821,0.73887978,12.39228322,12.46925854,1,1,210.24695064,1
210,0.49462098,0.71240256,0.54405041,0.55765574,0.75410218,11.99806132,12.03211073,1,1,210.24695064,1
211,0.44865749,0.73405043,0.5551295,0.51652288,0.76902014,12.01441641,12.06983169,1,1,210.24695064,1
212,0.46284036,0.73504753,0.54583797,0.47619242,0.74368188,11.94497864,11.98791925,1,1,210.24695064,1
213,0.44718984,0.69521948,0.57210603,0.50786129,0.71880824,12.05192687,12.16702072,1,1,210.24695064,1
214,0.45155291,0.69813199,0.56773886,0.5475558,0.73443196,12.05753629,12.10134472,1,1,210.24695064,1
215,0.46190541,0.67195002,0.56174996,0.58122011,0.74931948,11.64359499,11.66625488,1,1,210.24695064,1
216,0.46706002,0.67420023,0.54168649,0.61959295,0.74407187,11.61268704,11.64126868,1,1,210.24695064,1
217,0.47224186,0.68539951,0.55445707,0.65720076,0.73713644,11.74391416,11.76478879,1,1,210.24695064,1
218,0.47178416,0.68826782,0.55448595,0.61405678,0.71243942,11.78347056,11.78513848,1,1,210.24695064,1
219,0.44050023,0.72160816,0.56058942,0.65177537,0.72819033,11.99811893,12.03695711,1,1,210.24695064,1
220,0.45257574,0.71855091,0.57322052,0.68873979,0.74237616,11.8662537,11.93008002,1,1,210.24695064,1
221,0.46107274,0.70911383,0.57886324,0.72496498,0.71938454,11.99896411,12.02690431,1,1,210.24695064,1
222,0.46312158,0.68433021,0.54614606,0.68048996,0.69673385,11.98350244,12.0432025,1,1,210.24695064,1
223,0.49213017,0.68823495,0.55588952,0.71688016,0.68235741,12.20972903,12.2782814,1,1,210.24695064,1
224,0.49158612,0.6876632,0.55593828,0.75254248,0.69795792,12.32140015,12.42573981,1,1,210.24695064,1
225,0.44900692,0.6995271,0.5709113,0.74583913,0.71399876,11.82222941,11.92842751,1,1,210.24695064,1
226,0.44996287,0.70573187,0.58586513,0.78037946,0.72971878,11.9357134,11.98056463,1,1,210.24695064,1
227,0.45927885,0.70233508,0.556511,0.73586402,0.70945945,12.10120528,12.10201174,1,1,210.24695064,1
228,0.45750506,0.69466896,0.57180921,0.69134386,0.72526633,11.89056309,11.99569203,1,1,210.24695064,1
229,0.48003724,0.68755772,0.56623106,0.72751698,0.7407591,12.27971358,12.35298011,1,1,210.24695064,1
230,0.49158428,0.65350632,0.57732496,0.75928319,0.72904688,11.97974094,11.99590662,1,1,210.24695064,1
231,0.47918744,0.64841975,0.57152109,0.79409525,0.74446594,12.05196689,12.13860057,1,1,210.24695064,1
232,0.47918507,0.64896503,0.57165873,0.82821334,0.75873019,12.02729167,12.13404258,1,1,210.24695064,1
233,0.43509018,0.66149568,0.583481,0.7816691,0.75906754,11.64961896,11.65157109,1,1,210.24695064,1
234,0.43723831,0.66020715,0.58370008,0.73603583,0.73576175,11.98415896,12.08749534,1,1,210.24695064,1
235,0.45183576,0.64016021,0.56789633,0.77131511,0.71104652,11.91385769,11.99576836,1,1,210.24695064,1
236,0.46092764,0.65253443,0.58792296,0.80588873,0.72677939,11.80169901,11.83670589,1,1,210.24695064,1
237,0.44278337,0.63240869,0.56885479,0.75977096,0.70224401,12.28311244,12.35106526,1,1,210.24695064,1
238,0.45348891,0.61376734,0.59096129,0.72675364,0.67869592,12.28645719,12.3128994,1,1,210.24695064,1
239,0.4642305,0.60372571,0.57109623,0.68221871,0.69450711,11.96731738,11.97644965,1,1,210.24695064,1
240,0.46450677,0.60160168,0.5711743,0.7183094,0.71016238,11.78376942,11.82445826,1,1,210.24695064,1
241,0.4256803,0.65400565,0.59323803,0.75394318,0.70804067,11.95031171,11.96588964,1,1,210.24695064,1
242,0.43043535,0.63473952,0.57272777,0.78507762,0.72384729,12.15747148,12.17375939,1,1,210.24695064,1
243,0.45522289,0.61225765,0.5962674,0.80656105,0.6994682,11.59222706,11.64292504,1,1,210.24695064,1
244,0.44737217,0.61545512,0.59100262,0.76042992,0.71547742,11.95489806,12.02096499,1,1,210.24695064,1
245,0.48043688,0.60182434,0.59456801,0.79319794,0.73116761,11.90167343,11.96582271,1,1,210.24695064,1
246,0.48496844,0.59166653,0.59123511,0.77338041,0.74594545,11.77462039,11.78151435,1,1,210.24695064,1
247,0.48840858,0.60013296,0.57718761,0.80741922,0.75805444,12.01153426,12.0179947,1,1,210.24695064,1
248,0.48856046,0.60184287,0.57751884,0.84114886,0.77079345,11.87268587,11.93554353,1,1,210.24695064,1
249,0.47114016,0.59902397,0.5969526,0.87426991,0.78537719,11.75293317,11.86581345,1,1,210.24695064,1
250,0.46361041,0.60854561,0.57797884,0.9067845,0.75966965,12.22684322,12.28543546,1,1,210.24695064,1
251,0.47722039,0.59239585,0.59789954,0.93864881,0.77052624,11.97917245,11.99440305,1,1,210.24695064,1
252,0.46700285,0.5728789,0.58403038,0.96987583,0.77440086,12.13545501,12.17929325,1,1,210.24695064,1
253,0.47498534,0.56529093,0.59486309,0.99994299,0.74891286,11.9518074,12.06399874,1,1,210.24695064,1
254,0.46996588,0.56005606,0.59106293,1,0.72393836,11.86012419,11.93238739,1,1,210.24695064,1
255,0.47848826,0.55994992,0.56911597,0.95057656,0.69967955,11.98176831,12.05628634,1,1,210.24695064,1
256,0.47780143,0.55935486,0.56872521,0.90156655,0.71568595,11.62635447,11.66606966,1,1,210.24695064,1
257,0.44745405,0.59242677,0.57194805,0.93353521,0.73135482,11.92696586,11.96725068,1,1,210.24695064,1
258,0.46172107,0.57290955,0.58726039,0.88493445,0.74672772,12.33233726,12.3325963,1,1,210.24695064,1
259,0.46296954,0.55554689,0.57079197,0.91723576,0.75935963,11.54008296,11.5602791,1,1,210.24695064,1
260,0.46400216,0.54592035,0.59523943,0.86889105,0.7388961,11.79297524,11.8147775,1,1,210.24695064,1
261,0.46157946,0.55123778,0.57853443,0.82168846,0.71411818,12.18126449,12.21536808,1,1,210.24695064,1
262,0.48446236,0.54164035,0.57131438,0.77583593,0.68983583,12.13186435,12.24609672,1,1,210.24695064,1
263,0.46661474,0.52073926,0.57158998,0.80988234,0.66695934,12.09804194,12.11599195,1,1,210.24695064,1
264,0.46758559,0.5184246,0.57176784,0.84368469,0.68361989,12.08771208,12.20733894,1,1,210.24695064,1
265,0.53252616,0.56792753,0.60162689,0.87681041,0.6785249,11.88287441,11.88540449,1,1,210.24695064,1
266,0.52708592,0.56350407,0.5802784,0.82953991,0.6949544,12.24140233,12.27191253,1,1,210.24695064,1
267,0.5293951,0.57998166,0.59444537,0.81015447,0.71105531,11.69321877,11.78151025,1,1,210.24695064,1
268,0.54522862,0.59148062,0.55894605,0.83414219,0.72506523,11.94725059,11.96715535,1,1,210.24695064,1
269,0.53646542,0.57178113,0.57029789,0.83953703,0.70056393,12.07867073,12.09885504,1,1,210.24695064,1
270,0.53544487,0.56957488,0.5704918,0.87214013,0.71627782,11.87819911,11.96272173,1,1,210.24695064,1
271,0.58042361,0.54526935,0.57307455,0.82636926,0.73194051,11.81389161,11.86387944,1,1,210.24695064,1
272,0.59451364,0.57788116,0.60089256,0.85974159,0.74427637,12.06018031,12.16001814,1,1,210.24695064,1
273,0.57322887,0.58866434,0.59027978,0.81254678,0.75799933,11.79561131,11.83597786,1,1,210.24695064,1
274,0.57916628,0.59035421,0.58442402,0.84629584,0.77237378,11.9379815,12.03324566,1,1,210.24695064,1
275,0.54935644,0.603783,0.59121067,0.84697976,0.78684711,11.88356522,11.93805372,1,1,210.24695064,1
276,0.5539535,0.61548822,0.57461188,0.80004322,0.80110997,11.5230501,11.63033824,1,1,210.24695064,1
277,0.55853497,0.62032526,0.58639987,0.83404061,0.77508785,12.09650498,12.20289554,1,1,210.24695064,1
278,0.55821293,0.62363129,0.58637167,0.86735675,0.74973795,12.24075181,12.24733087,1,1,210.24695064,1
279,0.54547176,0.56504205,0.58978854,0.82014828,0.76474319,11.90460839,11.97428364,1,1,210.24695064,1
280,0.5479496,0.58159574,0.59600395,0.85374494,0.77941942,12.2143539,12.27638786,1,1,210.24695064,1
281,0.54247094,0.59131759,0.57580812,0.87249417,0.79351508,12.21519399,12.28849778,1,1,210.24695064,1
282,0.53189305,0.57709918,0.58924764,0.82504599,0.76765015,11.82841473,11.9187918,1,1,210.24695064,1
283,0.52700616,0.5753784,0.58512503,0.85854496,0.78229713,12.26541248,12.312307,1,1,210.24695064,1
284,0.52686399,0.5786091,0.58544629,0.89136248,0.79649292,12.22557243,12.30962637,1,1,210.24695064,1
285,0.50261483,0.59398684,0.60931136,0.92038428,0.79052197,12.21345585,12.27625562,1,1,210.24695064,1
286,0.51219883,0.58450393,0.58149996,0.8719767,0.76715654,11.95230629,12.00285998,1,1,210.24695064,1
287,0.49479211,0.58415917,0.58090042,0.82453717,0.77611066,11.93524256,11.96195399,1,1,210.24695064,1
288,0.50901786,0.56359812,0.57803793,0.85804639,0.79058841,12.00968995,12.12669528,1,1,210.24695064,1
289,0.50468276,0.55904883,0.58889195,0.89088546,0.76828554,12.07104556,12.07704839,1,1,210.24695064,1
290,0.4994916,0.56081615,0.58447865,0.84306775,0.78291983,12.13945093,12.2594778,1,1,210.24695064,1
291,0.4987483,0.56167021,0.58452023,0.79620641,0.79555074,12.34022635,12.43179914,1,1,210.24695064,1
292,0.50718067,0.62728197,0.57088287,0.75028252,0.76963973,11.938958,12.00444739,1,1,210.24695064,1
293,0.52527278,0.62864359,0.52418101,0.70527687,0.74424694,11.89621471,11.95468739,1,1,210.24695064,1
294,0.52310258,0.60326309,0.49178874,0.66160299,0.759362,11.42033822,11.47638078,1,1,210.24695064,1
295,0.52957634,0.60604455,0.49499153,0.61837185,0.77417476,12.00858958,12.11378047,1,1,210.24695064,1
296,0.53069467,0.60560208,0.49502939,0.65599974,0.78869121,12.05452116,12.08569344,1,1,210.24695064,1
297,0.49999463,0.57335617,0.52315598,0.61287977,0.76291739,11.97486649,12.07601404,1,1,210.24695064,1
298,0.5201763,0.5989629,0.50583811,0.65059269,0.77763808,12.33855311,12.43926369,1,1,210.24695064,1
299,0.50421126,0.56819918,0.52153079,0.60842734,0.79208532,11.99628815,12.10663656,1,1,210.24695064,1
300,0.5008137,0.58374438,0.50947926,0.64564235,0.76624361,11.96348771,12.0052587,1,1,210.24695064,1
301,0.49758893,0.57911523,0.50466875,0.602849,0.76550223,11.90465452,11.95662327,1,1,210.24695064,1
302,0.48676775,0.58567564,0.52228832,0.64079174,0.74019498,12.19680814,12.25746693,1,1,210.24695064,1
303,0.48673927,0.58270312,0.52252695,0.6779759,0.75353872,11.91625036,11.98111538,1,1,210.24695064,1
304,0.54858131,0.62627084,0.52286515,0.63454821,0.76747372,12.2764263,12.3491321,1,1,210.24695064,1
305,0.56490283,0.63856455,0.54421296,0.67185724,0.7820685,11.7382322,11.79330342,1,1,210.24695064,1
306,0.54858395,0.65215414,0.54168999,0.70799942,0.7929177,12.38526878,12.4739915,1,1,210.24695064,1
307,0.54844759,0.62872899,0.5263463,0.66383943,0.80705935,12.03452676,12.12956163,1,1,210.24695064,1
308,0.53303975,0.64460075,0.52783599,0.62056314,0.82080711,12.16405509,12.25631422,1,1,210.24695064,1
309,0.53283784,0.64376911,0.52811252,0.65815188,0.79449003,11.81142078,11.88494877,1,1,210.24695064,1
310,0.51099101,0.64560991,0.53792236,0.69498884,0.80845018,12.26421235,12.32514814,1,1,210.24695064,1
311,0.49515101,0.65082833,0.54899902,0.65394657,0.78228654,11.74353951,11.78015134,1,1,210.24695064,1
312,0.52131145,0.65605506,0.54639776,0.61086764,0.75664081,11.85371269,11.9108288,1,1,210.24695064,1
313,0.52375986,0.63379717,0.54938447,0.57019324,0.7704213,11.93645877,12.01225857,1,1,210.24695064,1
314,0.51506292,0.6344585,0.52743042,0.60364243,0.78495096,11.79054406,11.82092079,1,1,210.24695064,1
315,0.51066224,0.60177444,0.52871238,0.64156827,0.75927857,12.08005706,12.08952099,1,1,210.24695064,1
316,0.53399603,0.61931718,0.55451786,0.67869958,0.73553642,11.85064738,11.93193466,1,1,210.24695064,1
317,0.53421019,0.62282139,0.55481656,0.71503153,0.71082569,11.48762263,11.49856378,1,1,210.24695064,1
318,0.51678586,0.61465579,0.57245155,0.7507309,0.68660918,11.45475935,11.53154221,1,1,210.24695064,1
319,0.50458,0.6143353,0.5743901,0.78561766,0.69338167,12.27402019,12.37576825,1,1,210.24695064,1
320,0.49767889,0.62655347,0.5625255,0.8199053,0.70951403,11.84715966,11.94071484,1,1,210.24695064,1
321,0.51262294,0.58430046,0.56561783,0.83924735,0.69059202,12.09190396,12.13171838,1,1,210.24695064,1
322,0.50956816,0.5910826,0.57303773,0.8724624,0.70227943,11.96824078,12.00286637,1,1,210.24695064,1
323,0.52014933,0.59946368,0.56420798,0.90500187,0.67825276,12.23858311,12.26094899,1,1,210.24695064,1
324,0.51315183,0.60002136,0.5502407,0.93689896,0.6946877,12.16560419,12.17795314,1,1,210.24695064,1
325,0.51404277,0.6003456,0.55031457,0.88826658,0.67079966,11.86690217,11.91720833,1,1,210.24695064,1
326,0.46201327,0.59263251,0.55427385,0.84050674,0.64738367,12.19249556,12.23357143,1,1,210.24695064,1
327,0.46187043,0.59634563,0.55591322,0.87368164,0.624436,11.74666119,11.83632826,1,1,210.24695064,1
328,0.46805362,0.59614696,0.56662735,0.89900895,0.61588664,12.29152361,12.32679496,1,1,210.24695064,1
329,0.47896604,0.56631707,0.55022603,0.85102877,0.59356891,11.89244896,11.95708934,1,1,210.24695064,1
330,0.47188564,0.58440355,0.57094504,0.88400819,0.5939943,12.00777369,12.11122401,1,1,210.24695064,1
331,0.47398558,0.58624448,0.5563052,0.91602201,0.57358099,11.81029992,11.82267496,1,1,210.24695064,1
332,0.4735869,0.58784832,0.55666262,0.86877414,0.58454433,11.37947362,11.48906353,1,1,210.24695064,1
333,0.45819397,0.6308181,0.57671464,0.8925497,0.56285344,12.18112164,12.22588846,1,1,210.24695064,1
334,0.46658819,0.61226311,0.55549813,0.84469941,0.58159352,11.75121716,11.86703935,1,1,210.24695064,1
335,0.4814892,0.61664845,0.57840075,0.87634354,0.59996041,11.9099902,11.93585078,1,1,210.24695064,1
336,0.47911738,0.57485585,0.5820814,0.85284422,0.57796129,12.35224769,12.37521851,1,1,210.24695064,1
337,0.50034606,0.57110444,0.55163932,0.80585508,0.55675918,12.20492751,12.31106452,1,1,210.24695064,1
338,0.48310611,0.58346019,0.55587302,0.79502802,0.53602406,12.08139271,12.10405472,1,1,210.24695064,1
339,0.49651357,0.56995476,0.57564528,0.75529434,0.51653751,11.60859656,11.69281898,1,1,210.24695064,1
340,0.49613908,0.56941016,0.57534709,0.79017112,0.49630769,11.96247713,12.05093173,1,1,210.24695064,1
341,0.47650249,0.58744558,0.58005725,0.8243629,0.47641946,11.81129581,11.90359871,1,1,210.24695064,1
342,0.47340258,0.57932042,0.58219882,0.85767952,0.45689182,12.1124717,12.20526767,1,1,210.24695064,1
343,0.4709469,0.57032975,0.57797077,0.82168619,0.43784138,12.12656837,12.19855437,1,1,210.24695064,1
344,0.47602088,0.54899936,0.57392495,0.77526886,0.4590845,11.82141757,11.8759868,1,1,210.24695064,1
345,0.49685893,0.54966465,0.59172685,0.72977769,0.467356,11.75180146,11.86308864,1,1,210.24695064,1
346,0.48813772,0.53521641,0.58767121,0.76518192,0.44805196,12.04929441,12.16124351,1,1,210.24695064,1
347,0.50126032,0.53336961,0.5765714,0.79479969,0.468698,11.96429179,12.02487581,1,1,210.24695064,1
348,0.50208391,0.53362177,0.57639671,0.82890258,0.44932406,12.02716625,12.04162878,1,1,210.24695064,1
349,0.56902705,0.55820022,0.60581921,0.78232453,0.43036109,12.1090616,12.22546361,1,1,210.24695064,1
350,0.56271999,0.55125613,0.60060827,0.73667806,0.44166024,11.77508885,11.83182452,1,1,210.24695064,1
351,0.57647199,0.57072987,0.59822048,0.73641953,0.42291985,12.19782747,12.20672374,1,1,210.24695064,1
352,0.54561548,0.57973711,0.58165594,0.69173431,0.44399185,12.21545355,12.2883033,1,1,210.24695064,1
353,0.56441499,0.59435716,0.59568619,0.72767084,0.42534904,11.96499807,12.00492555,1,1,210.24695064,1
354,0.53767452,0.58834911,0.57589698,0.60311888,0.36079562,12.39107564,12.45530957,1,1,210.24695064,0
355,0.54396752,0.58880813,0.58051286,0.72100157,0.30282894,12.00589424,12.03270208,1,1,210.24695064,0
356,0.54353705,0.58875418,0.58037491,0.59699375,0.23847636,11.96462937,11.9769657,1,1,210.24695064,0
357,0.47985164,0.53281861,0.49443397,0.71406215,0.17653673,12.2091752,12.22218526,1,1,210.24695064,0
358,0.45261674,0.46618609,0.40937253,0.82978091,0.1122556,12.03887848,12.06728649,1,1,210.24695064,0
359,0.41014315,0.36393282,0.310417,0.7031853,0.16562058,11.86693984,11.90586743,1,1,210.24695064,0
360,0.39132016,0.30643198,0.2138466,0.81811187,0.22155687,12.21791016,12.2871384,1,1,210.24695064,0
361,0.39260351,0.27440874,0.15268035,0.92996328,0.18151339,12.31160191,12.35834203,1,1,210.24695064,0
362,0.39304064,0.27144974,0.15262477,1,0.11445328,11.90751622,12.02384892,1,1,210.24695064,0
363,0.46669287,0.3671222,0.25517848,1,0.0444574,11.79854055,11.86527783,1,1,210.24695064,0
364,0.53214107,0.41880806,0.34357904,1,0.0944574,12.40477272,12.48811297,1,1,210.24695064,0
365,0.5928655,0.48758077,0.46719759,1,0.0249892,12.32385049,12.4202407,1,1,210.24695064,0
366,0.61901319,0.54200836,0.62086934,0.87000348,0,12.13681165,12.25420391,1,1,210.24695064,0
367,0.65918741,0.60170034,0.70427042,0.98257775,0,12.19883593,12.27513328,1,1,210.24695064,0
368,0.71511141,0.63613788,0.76943956,0.97999416,0,12.07339908,12.0784575,1,1,210.24695064,0
369,0.71521937,0.63723742,0.76962575,1,0,12.35418243,12.43849113,1,1,210.24695064,0
370,0.66563607,0.55811896,0.74447755,0.87045717,0,12.03701872,12.14961854,1,1,210.24695064,0
371,0.63117366,0.51400198,0.68035154,0.74304806,0.05257044,11.92242456,11.93828096,1,1,210.24695064,0
372,0.60436698,0.43151018,0.61050862,0.85818627,0,11.57089503,11.64385086,1,1,210.24695064,0
373,0.54988049,0.31893208,0.53589168,0.73102255,0,11.89026238,11.95279438,1,1,210.24695064,0
374,0.52181178,0.24019776,0.48185524,0.81864931,0,12.01324714,12.0496691,1,1,210.24695064,0
375,0.5005245,0.18654338,0.42688416,0.93226978,0,12.19933495,12.23783661,1,1,210.24695064,0
376,0.47437567,0.14344339,0.39515008,1,0.05124328,11.81518971,11.84293388,1,1,210.24695064,0
377,0.47390529,0.14497064,0.39477783,1,0.10121363,12.15921092,12.20694406,1,1,210.24695064,0
378,0.54179947,0.216792,0.41492928,1,0.1512136,12.10755876,12.14206468,1,1,210.24695064,0
379,0.5468172,0.28422134,0.42790666,1,0.2012136,12.33987486,12.40471224,1,1,210.24695064,0
380,0.5466298,0.37771486,0.44481896,0.87,0.1312136,11.95285502,12.06724986,1,1,210.24695064,0
381,0.51774324,0.49645394,0.4915384,0.7426,0.1838136,12.28649025,12.35485317,1,1,210.24695064,0
382,0.52955254,0.62155365,0.51063577,0.85774765,0.1189616,12.14786815,12.21104909,1,1,210.24695064,0
383,0.52738606,0.72481894,0.53167048,0.75036266,0.1704105,12.02835709,12.04317991,1,1,210.24695064,0
384,0.52717341,0.79781382,0.53378457,0.62535634,0.1055154,12.03328126,12.04557978,1,1,210.24695064,0
385,0.52601543,0.87246171,0.55813397,0.50284922,0.16296997,11.86642037,11.90079557,1,1,210.24695064,0
386,0.51078779,0.94074409,0.56063966,0.38339668,0.16510819,12.06038669,12.11554702,1,1,210.24695064,0
387,0.51055657,0.94276554,0.56032911,0.26575025,0.10752203,12.4304009,12.52709084,1,1,210.24695064,0
388,0.45963867,0.92265067,0.56155799,0.1645811,0.05221311,11.93909036,12.05038856,1,1,210.24695064,0
389,0.47370134,0.82214902,0.56683253,0.05185499,0.08235566,12.0088029,12.11392887,1,1,210.24695064,0
390,0.47108961,0.7666819,0.54533399,0.02081789,0.07070886,11.95944509,12.03323917,1,1,210.24695064,1
391,0.45308762,0.64940255,0.51678559,0,0.05929483,12.16795645,12.21531019,1,1,210.24695064,1
392,0.45038432,0.56326042,0.50148155,0.04999993,0.04830478,11.67836295,11.74453149,1,1,210.24695064,1
393,0.46769769,0.49634106,0.50729605,0.09899537,0.03733868,11.75208746,11.82915672,1,1,210.24695064,1
394,0.448123,0.46011493,0.50741423,0.06701546,0.06659189,11.99439025,12.10078149,1,1,210.24695064,1
395,0.4480322,0.45877216,0.50751691,0.11567159,0.09523918,12.26201,12.32233534,1,1,210.24695064,1
396,0.42418534,0.52349351,0.52611395,0.1633551,0.0833344,11.70098026,11.77370133,1,1,210.24695064,1
397,0.44187902,0.51310545,0.51092521,0.130088,0.07166771,11.4067253,11.47275247,1,1,210.24695064,1
398,0.47225892,0.50765255,0.5317179,0.09749209,0.10023436,12.06004811,12.06726083,1,1,210.24695064,1
399,0.46498193,0.50690628,0.51116419,0.14554224,0.12016645,11.83421046,11.9088044,1,1,210.24695064,1
400,0.4761848,0.49883796,0.50984297,0.1926314,0.14775467,11.90490483,12.01799095,1,1,210.24695064,1
401,0.47698327,0.50009201,0.50961557,0.15877891,0.13480315,11.95579597,12.0054868,1,1,210.24695064,1
402,0.51799371,0.51001434,0.51633523,0.18212212,0.14796192,12.29032625,12.33059163,1,1,210.24695064,1
403,0.51898616,0.51337433,0.51290383,0.22847965,0.13500986,11.94451193,11.96968388,1,1,210.24695064,1
404,0.53250678,0.53601554,0.52252012,0.27389984,0.12277642,11.95930634,12.00244519,1,1,210.24695064,1
405,0.52085164,0.52841777,0.53462926,0.23843318,0.15032052,11.66944248,11.71451248,1,1,210.24695064,1
406,0.5058814,0.54338521,0.52032561,0.25585032,0.13783083,11.66554113,11.66890819,1,1,210.24695064,1
407,0.50622857,0.54553316,0.52025041,0.30073331,0.12507422,12.1219733,12.24059097,1,1,210.24695064,1
408,0.54312283,0.58137897,0.53356105,0.31675874,0.1525725,12.14168032,12.16742612,1,1,210.24695064,1
409,0.54093797,0.57104064,0.54817906,0.2816963,0.14023708,12.04298738,12.0659742,1,1,210.24695064,1
410,0.55812498,0.59757214,0.53818693,0.32606232,0.12743787,11.96325818,11.97902206,1,1,210.24695064,1
411,0.55245034,0.58493422,0.54101253,0.30421857,0.15471208,12.16426567,12.24326126,1,1,210.24695064,1
412,0.54642075,0.58419846,0.53207332,0.34813402,0.14163379,11.98467801,12.09224947,1,1,210.24695064,1
413,0.53601854,0.61911383,0.53503328,0.31249928,0.12883908,11.97564412,12.02390265,1,1,210.24695064,1
414,0.53558253,0.61786266,0.53518871,0.27626655,0.1562623,12.05516919,12.09579054,1,1,210.24695064,1
415,0.59298028,0.56564402,0.54760824,0.31028415,0.14313705,12.19124916,12.22497293,1,1,210.24695064,1
416,0.55636621,0.58689059,0.56082406,0.2740965,0.17027405,11.95216187,11.9802613,1,1,210.24695064,1
417,0.56726644,0.61546797,0.55398367,0.31861457,0.15686867,12.01867822,12.09150564,1,1,210.24695064,1
418,0.55556216,0.61980142,0.53034137,0.36224228,0.18366807,11.70968941,11.79492471,1,1,210.24695064,1
419,0.5480796,0.62615125,0.54969426,0.40495767,0.20999469,11.7582291,11.86839764,1,1,210.24695064,1
420,0.54840228,0.62494736,0.54958277,0.36686468,0.23088997,12.4520154,12.49451653,1,1,210.24695064,1
421,0.51456608,0.60416525,0.5519727,0.37493267,0.25627214,11.91924356,11.97579942,1,1,210.24695064,1
422,0.51138387,0.58942368,0.57605022,0.41670417,0.24152191,12.06190945,12.15852213,1,1,210.24695064,1
423,0.51461424,0.59419827,0.5541527,0.45792466,0.26586944,11.79243911,11.84982831,1,1,210.24695064,1
424,0.49757676,0.57785959,0.56051932,0.42787738,0.2508266,11.73387744,11.77380022,1,1,210.24695064,1
425,0.4939809,0.59475563,0.54940952,0.46832691,0.27577569,11.85519771,11.86712041,1,1,210.24695064,1
426,0.48998545,0.57173739,0.55003179,0.50894892,0.30016331,11.98643634,12.08201274,1,1,210.24695064,1
427,0.50924634,0.58382815,0.55220718,0.46876994,0.29790301,11.91791447,11.9548886,1,1,210.24695064,1
428,0.50993165,0.58257984,0.55241169,0.50136169,0.32194493,12.00126621,12.1099402,1,1,210.24695064,1
429,0.46216939,0.55617882,0.57467361,0.54133446,0.3455058,11.82767773,11.85534109,1,1,210.24695064,1
430,0.47910212,0.54862618,0.55405852,0.57880339,0.36780943,11.94548282,11.96169223,1,1,210.24695064,1
431,0.46783174,0.54122088,0.55989413,0.60795798,0.35622175,12.04655647,12.16632379,1,1,210.24695064,1
432,0.45986556,0.54317765,0.54634455,0.56579882,0.37909725,11.98554892,12.06790386,1,1,210.24695064,1
433,0.48535928,0.53332742,0.5424583,0.52455539,0.36151535,11.95625907,11.98566963,1,1,210.24695064,1
434,0.4853169,0.53144737,0.54224135,0.5131376,0.34428509,12.03565888,12.06827115,1,1,210.24695064,1
435,0.45676483,0.56282736,0.56735567,0.4736631,0.32745301,12.20606341,12.26082919,1,1,210.24695064,1
436,0.45917014,0.54637764,0.55628282,0.51418543,0.3509023,11.86945935,11.95599908,1,1,210.24695064,1
437,0.45584449,0.5195213,0.54465996,0.5538424,0.37388422,11.9982941,12.03489591,1,1,210.24695064,1
438,0.45975483,0.51421044,0.55832959,0.51277098,0.39640654,12.1273244,12.23636077,1,1,210.24695064,1
439,0.45889241,0.523936,0.54939318,0.55239763,0.41847841,11.98040418,12.03656153,1,1,210.24695064,1
440,0.46253401,0.50227091,0.53801123,0.5114108,0.40017313,12.3890578,12.49083603,1,1,210.24695064,1
441,0.46272877,0.5037499,0.53794596,0.55106319,0.38216977,12.04288312,12.15996263,1,1,210.24695064,1
442,0.50320974,0.57083272,0.54726561,0.5105142,0.40452637,11.86953793,11.90570767,1,1,210.24695064,1
443,0.50367568,0.58161127,0.55848405,0.47030392,0.38643959,11.77909426,11.82549335,1,1,210.24695064,1
444,0.51963317,0.56205776,0.54350242,0.43101358,0.36871134,12.05159616,12.0711623,1,1,210.24695064,1
445,0.53177735,0.5872621,0.56086435,0.39248423,0.35134316,11.83743857,11.89708744,1,1,210.24695064,1
446,0.53513449,0.57746557,0.54226942,0.43462997,0.37309311,12.087708,12.19052699,1,1,210.24695064,1
447,0.52430782,0.57451419,0.54353738,0.47580933,0.39454669,11.67068085,11.72532534,1,1,210.24695064,1
448,0.52386068,0.57525828,0.54323521,0.5162143,0.41635249,11.96934415,12.03983867,1,1,210.24695064,1
449,0.47842426,0.57936731,0.55785213,0.47589001,0.43784959,12.0919312,12.1821281,1,1,210.24695064,1
450,0.49678435,0.58499861,0.54378245,0.51610984,0.4190926,11.84241148,11.8751537,1,1,210.24695064,1
451,0.4965961,0.56442908,0.56494983,0.5557849,0.40072361,12.28110344,12.37514628,1,1,210.24695064,1
452,0.49320143,0.55682682,0.57121135,0.59465837,0.38271111,12.25143816,12.3453658,1,1,210.24695064,1
453,0.50094517,0.56200074,0.54984595,0.6327652,0.40373862,12.0555181,12.11668546,1,1,210.24695064,1
454,0.48879483,0.53490339,0.54599132,0.67010988,0.38597904,12.33674799,12.37096797,1,1,210.24695064,1
455,0.48801636,0.53103896,0.54589999,0.6267078,0.40825946,11.70641324,11.70673373,1,1,210.24695064,1
456,0.55574839,0.61893373,0.5461643,0.58419619,0.43009427,12.41820765,12.45300901,1,1,210.24695064,1
457,0.56211287,0.60456979,0.57134239,0.54251389,0.42274553,12.11306743,12.16802063,1,1,210.24695064,1
458,0.55790614,0.62435032,0.56018255,0.5816636,0.44412288,11.90144499,12.00272237,1,1,210.24695064,1
459,0.54314925,0.62127108,0.55069315,0.54440018,0.46524033,12.18116697,12.29533538,1,1,210.24695064,1
460,0.57143325,0.58597762,0.55942016,0.50383634,0.44593563,12.09102368,12.19887737,1,1,210.24695064,1
461,0.5717438,0.58702866,0.55913556,0.46375961,0.46701683,12.18845304,12.24882936,1,1,210.24695064,1
462,0.60510934,0.53223503,0.56361547,0.50448442,0.44767649,11.6320945,11.70056644,1,1,210.24695064,1
463,0.58281537,0.55256079,0.56959378,0.54431999,0.46285484,11.81335804,11.92613845,1,1,210.24695064,1
464,0.56938772,0.54143047,0.58456079,0.50460178,0.48342776,11.56536301,11.58160726,1,1,210.24695064,1
465,0.54288144,0.54987296,0.55613406,0.54449931,0.50375887,11.76137725,11.85548951,1,1,210.24695064,1
466,0.54062722,0.55214008,0.57800267,0.50360933,0.48368369,12.07278064,12.08517253,1,1,210.24695064,1
467,0.54407112,0.5649,0.57206046,0.46354088,0.47512574,12.24651549,12.35810876,1,1,210.24695064,1
468,0.54405589,0.56696578,0.57228288,0.42943796,0.45562323,12.04251984,12.12239752,1,1,210.24695064,1
469,0.49588862,0.53318909,0.59123332,0.4708492,0.47651077,11.87686213,11.98929002,1,1,210.24695064,1
470,0.49884389,0.55291363,0.58053344,0.44021651,0.49693244,11.88527829,11.89006399,1,1,210.24695064,1
471,0.49366421,0.5413342,0.60005029,0.48140188,0.51440222,12.19130542,12.21165511,1,1,210.24695064,1
472,0.49987083,0.52277794,0.59680369,0.5217339,0.49411772,11.8764602,11.94979699,1,1,210.24695064,1
473,0.49778914,0.51089326,0.56803915,0.48207143,0.48509729,12.0889955,12.09226723,1,1,210.24695064,1
474,0.50849937,0.50318238,0.57181927,0.52243,0.46577064,12.15127046,12.23853845,1,1,210.24695064,1
475,0.5116407,0.51167035,0.57409256,0.4819843,0.44645523,11.68058241,11.73734217,1,1,210.24695064,1
476,0.51250672,0.51444709,0.57434385,0.52216814,0.42817622,11.82208149,11.92805939,1,1,210.24695064,1
477,0.49948636,0.51762231,0.59842601,0.53914768,0.40961438,11.99008913,12.01744701,1,1,210.24695064,1
478,0.50673527,0.5124255,0.59227121,0.57730318,0.39142209,11.96965202,11.97583971,1,1,210.24695064,1
479,0.48441251,0.51335297,0.58433108,0.61574193,0.37364074,11.48450772,11.48744823,1,1,210.24695064,1
480,0.48021005,0.49735872,0.56538289,0.60706539,0.35620336,12.27031419,12.27489292,1,1,210.24695064,1
481,0.48723968,0.48221692,0.572323,0.56492408,0.33910785,11.74290352,11.79990725,1,1,210.24695064,1
482,0.49170844,0.48287317,0.59068547,0.5236256,0.36231914,11.91919038,11.92935698,1,1,210.24695064,1
483,0.49113065,0.48295802,0.59032973,0.48327811,0.3466079,12.19297554,12.1999438,1,1,210.24695064,1
484,0.45386922,0.49659722,0.60077348,0.44361257,0.32967598,11.68554473,11.73257664,1,1,210.24695064,1
485,0.45356787,0.48730828,0.61725034,0.42389196,0.3526004,12.07115039,12.14894787,1,1,210.24695064,1
486,0.46392928,0.46982441,0.61040041,0.46541285,0.37546571,11.99355697,11.99718201,1,1,210.24695064,1
487,0.46455139,0.47140253,0.59962706,0.42617421,0.3979564,12.34196125,12.42340706,1,1,210.24695064,1
488,0.46512426,0.44101235,0.58629817,0.39470259,0.37999795,12.14076497,12.26106003,1,1,210.24695064,1
489,0.46479646,0.45215328,0.60453491,0.36563572,0.40198964,12.21417704,12.31546532,1,1,210.24695064,1
490,0.46718033,0.42951024,0.59401836,0.32832774,0.38395011,11.84620113,11.93172383,1,1,210.24695064,1
491,0.48481316,0.44105402,0.58854071,0.29263146,0.3954291,11.69357461,11.77322405,1,1,210.24695064,1
492,0.48545557,0.44218093,0.58825589,0.26062604,0.37752245,11.96087705,11.97751259,1,1,210.24695064,1
493,0.52846659,0.51697463,0.61070815,0.23900412,0.39960776,11.8425999,11.89583786,1,1,210.24695064,1
494,0.54755759,0.50352926,0.60227296,0.20422404,0.42099382,11.68093875,11.76024898,1,1,210.24695064,1
495,0.53438642,0.5019109,0.57039056,0.24227045,0.40257463,11.85905685,11.93277534,1,1,210.24695064,1
496,0.55658674,0.50785744,0.58817644,0.28742285,0.42452312,11.76434626,11.84514306,1,1,210.24695064,1
497,0.53884924,0.50332055,0.55617847,0.25167439,0.40603266,11.98604596,12.09938713,1,1,210.24695064,1
498,0.53824461,0.50372378,0.55613474,0.21664093,0.42791186,12.29853446,12.33652068,1,1,210.24695064,1
499,0.51758779,0.47195315,0.5702745,0.26230789,0.44935163,11.79734366,11.87849732,1,1,210.24695064,1
500,0.51599835,0.4700691,0.57678004,0.22718651,0.4505987,12.05985082,12.15470013,1,1,210.24695064,1
501,0.51467315,0.47427179,0.57718705,0.27264225,0.45833093,11.88283034,11.89358639,1,1,210.24695064,1
502,0.5148908,0.46660306,0.55641537,0.31710704,0.47916383,12.08526066,12.14468551,1,1,210.24695064,1
503,0.495198,0.45507263,0.56729206,0.28091792,0.45958084,11.89316401,12.00598075,1,1,210.24695064,1
504,0.49529342,0.4538305,0.56759275,0.32528999,0.44039955,11.8330799,11.88362653,1,1,210.24695064,1
505,0.55854835,0.47767153,0.57157432,0.36669543,0.46159151,12.11962548,12.2186233,1,1,210.24695064,1
506,0.55640217,0.49060996,0.5672786,0.40936152,0.48235968,11.93117016,11.9882115,1,1,210.24695064,1
507,0.55463277,0.48317799,0.57111756,0.44587471,0.50270481,12.02626211,12.08575784,1,1,210.24695064,1
508,0.55188679,0.50684304,0.56594615,0.4070238,0.52264579,12.11168187,12.13370302,1,1,210.24695064,1
509,0.52854089,0.50859292,0.54412365,0.36888332,0.50219464,12.25654248,12.34187024,1,1,210.24695064,1
510,0.52861436,0.51036931,0.54439321,0.41150565,0.48215119,12.22765878,12.32277566,1,1,210.24695064,1
511,0.55808881,0.45789122,0.55060584,0.41109844,0.46476098,12.18243751,12.28950131,1,1,210.24695064,1
512,0.56498015,0.47169168,0.55701841,0.45287515,0.44547155,12.00217733,12.09305802,1,1,210.24695064,1
513,0.54389523,0.47157064,0.56853467,0.49381156,0.42657124,11.92369407,11.99597984,1,1,210.24695064,1
514,0.52325997,0.48583596,0.53443444,0.45396567,0.40803982,12.20144785,12.30192673,1,1,210.24695064,1
515,0.52897253,0.50121912,0.55430759,0.42561105,0.38990838,11.98768763,12.04417023,1,1,210.24695064,1
516,0.5301057,0.5031761,0.55430854,0.38716089,0.41211021,11.91700136,12.03459001,1,1,210.24695064,1
517,0.58734215,0.49163391,0.57590204,0.4294173,0.43170644,11.83779788,11.86886139,1,1,210.24695064,1
518,0.58270612,0.50546203,0.5708151,0.47082895,0.45307231,11.73997774,11.77144409,1,1,210.24695064,1
519,0.58328621,0.50179019,0.5643159,0.43141465,0.43401086,12.05962654,12.15334433,1,1,210.24695064,1
520,0.54324389,0.52812345,0.56827686,0.47201431,0.45533064,11.85887682,11.91083307,1,1,210.24695064,1
521,0.55388996,0.53284808,0.54763188,0.51257402,0.44773967,12.37084703,12.43904622,1,1,210.24695064,1
522,0.55370294,0.52936145,0.54746369,0.47255684,0.46626789,11.87836736,11.91366039,1,1,210.24695064,1
523,0.56615053,0.46444748,0.57132484,0.43753622,0.44694253,12.19183551,12.29719012,1,1,210.24695064,1
524,0.53897282,0.47790924,0.55206066,0.42216427,0.42961128,12.19995279,12.23860414,1,1,210.24695064,1
525,0.53936233,0.4744826,0.55730422,0.40086052,0.45101904,11.93959877,11.996428,1,1,210.24695064,1
526,0.53964898,0.49058184,0.54172561,0.3628872,0.47199864,11.87713384,11.91294387,1,1,210.24695064,1
527,0.51762299,0.47969765,0.56996816,0.32569082,0.45255989,11.8516951,11.85349232,1,1,210.24695064,1
528,0.49734219,0.47847124,0.54309158,0.36763617,0.4735081,12.00746409,12.06040609,1,1,210.24695064,1
529,0.49741877,0.47694252,0.54305837,0.38163937,0.49264472,12.01345857,12.12854851,1,1,210.24695064,1
530,0.46566437,0.44191543,0.54426287,0.36583712,0.51279167,11.55273759,11.61689296,1,1,210.24695064,1
531,0.45935293,0.4464499,0.56040228,0.33000519,0.53252722,11.87134522,11.94863599,1,1,210.24695064,1
532,0.46588425,0.4373774,0.55231842,0.37184137,0.51187668,11.82810139,11.89695933,1,1,210.24695064,1
533,0.47017858,0.44066212,0.53182542,0.33440454,0.53123163,11.87171329,11.90964701,1,1,210.24695064,1
534,0.47100468,0.43950616,0.53166476,0.29776645,0.51061671,11.73077633,11.80381749,1,1,210.24695064,1
535,0.53646436,0.46335815,0.55711211,0.26181513,0.49045927,12.00984042,12.01544704,1,1,210.24695064,1
536,0.53574986,0.48075527,0.53785561,0.22657949,0.47065008,11.97430702,12.02172214,1,1,210.24695064,1
537,0.53868727,0.48757288,0.5610821,0.26884672,0.45328863,11.95913168,11.96679073,1,1,210.24695064,1
538,0.52631839,0.49137013,0.53241665,0.31346975,0.43422737,11.95296624,12.01054053,1,1,210.24695064,1
539,0.52364731,0.49912454,0.54434037,0.35544763,0.451719,11.74445665,11.78028447,1,1,210.24695064,1
540,0.53357396,0.51105431,0.52826938,0.34714175,0.4726846,11.7809886,11.78919212,1,1,210.24695064,1
541,0.5300289,0.53363162,0.54267661,0.3901974,0.49260245,12.10405403,12.14323305,1,1,210.24695064,1
542,0.52682292,0.53737071,0.54417268,0.40781971,0.50909477,12.26606587,12.36083138,1,1,210.24695064,1
543,0.52689961,0.53761038,0.54421352,0.4491922,0.48891288,12.22505849,12.29676062,1,1,210.24695064,1
544,0.49967523,0.53557468,0.56959568,0.4901974,0.46937798,12.31623454,12.36126369,1,1,210.24695064,1
545,0.49922877,0.53157388,0.56940282,0.45039345,0.44999044,12.04101644,12.12205875,1,1,210.24695064,1
546,0.51246379,0.51421559,0.55275273,0.48971729,0.43099065,11.89084049,11.95801298,1,1,210.24695064,1
547,0.49704252,0.50171914,0.55423114,0.5298539,0.45236333,11.67757893,11.76075383,1,1,210.24695064,1
548,0.50688715,0.51510223,0.54130354,0.48927065,0.47331606,12.08414881,12.17295642,1,1,210.24695064,1
549,0.49771732,0.49275549,0.53703501,0.52939507,0.49384974,11.92819435,11.94446815,1,1,210.24695064,1
550,0.49708319,0.49240382,0.53700584,0.48881686,0.51394551,12.1615956,12.24280911,1,1,210.24695064,1
551,0.56064172,0.51762272,0.55196427,0.52904051,0.49366746,12.05655712,12.15076008,1,1,210.24695064,1
552,0.56720611,0.5315567,0.54707096,0.56807792,0.47502416,12.03015998,12.09976762,1,1,210.24695064,1
553,0.56329868,0.51983459,0.53420626,0.53193648,0.4555237,11.88431429,11.94530793,1,1,210.24695064,1
554,0.53514273,0.53698646,0.55421729,0.54883199,0.45356437,11.76064843,11.81932268,1,1,210.24695064,1
555,0.53330392,0.52629758,0.55220164,0.58772531,0.43705234,12.02866631,12.09097938,1,1,210.24695064,1
556,0.5334058,0.52514544,0.55250834,0.62596257,0.41831639,11.77266864,11.79085866,1,1,210.24695064,1
557,0.58428486,0.50900984,0.58067323,0.58401562,0.40697591,12.04641865,12.15486844,1,1,210.24695064,1
558,0.56609555,0.52205547,0.55419075,0.62232661,0.42883636,12.12510444,12.12602217,1,1,210.24695064,1
559,0.55807652,0.54791341,0.5602308,0.6580541,0.41147057,12.20924605,12.31032643,1,1,210.24695064,1
560,0.56675329,0.54379177,0.56074981,0.61490416,0.43324103,12.13958038,12.25648802,1,1,210.24695064,1
561,0.54174166,0.57049718,0.56422949,0.65260431,0.44215473,11.65327985,11.70975131,1,1,210.24695064,1
562,0.54474296,0.57640142,0.55403325,0.62072013,0.4427714,12.17723598,12.2989273,1,1,210.24695064,1
563,0.54441085,0.57931566,0.55415792,0.57830573,0.42573735,11.93085595,11.98990878,1,1,210.24695064,1
564,0.50120166,0.55059607,0.57849914,0.55590289,0.40722291,12.11357448,12.19048328,1,1,210.24695064,1
565,0.50725131,0.5556672,0.577204,0.51479695,0.42850435,12.37914351,12.48840692,1,1,210.24695064,1
566,0.50257235,0.55040682,0.57392557,0.47450101,0.44617786,11.83643963,11.86614831,1,1,210.24695064,1
567,0.49607902,0.55507715,0.56913226,0.51418729,0.46668943,12.15992871,12.27753531,1,1,210.24695064,1
568,0.50812136,0.55336649,0.55954995,0.47390354,0.48735562,12.26834047,12.38881155,1,1,210.24695064,1
569,0.51845696,0.54951268,0.55489256,0.49294673,0.46761374,11.88921691,11.92042707,1,1,210.24695064,1
570,0.5141554,0.52767311,0.56363511,0.46215084,0.44826148,11.87218009,11.94322671,1,1,210.24695064,1
571,0.51504805,0.52556531,0.56384955,0.42290785,0.46929625,11.98106919,11.99618472,1,1,210.24695064,1
572,0.55796954,0.51682412,0.59003071,0.39055921,0.48991032,12.0704692,12.09343182,1,1,210.24695064,1
573,0.5401815,0.51957741,0.58836387,0.35279428,0.51010565,11.83492321,11.91130736,1,1,210.24695064,1
574,0.54252296,0.51334941,0.56594206,0.32090185,0.52881354,12.14156588,12.15024973,1,1,210.24695064,1
575,0.54697857,0.52830491,0.56737707,0.28450556,0.50852342,12.13361807,12.17427461,1,1,210.24695064,1
576,0.52599482,0.54789309,0.56511331,0.24881545,0.52835295,12.02957485,12.04899841,1,1,210.24695064,1
577,0.52586569,0.54753492,0.56516451,0.21384763,0.54778589,12.12318041,12.12759036,1,1,210.24695064,1
578,0.5070778,0.50441727,0.56943195,0.17957596,0.54982847,11.71796171,11.79155509,1,1,210.24695064,1
579,0.5104861,0.49155491,0.58459518,0.14598603,0.52883527,12.09103375,12.13483876,1,1,210.24695064,1
580,0.49427684,0.5009142,0.5625349,0.17280837,0.50842887,11.84234357,11.84727148,1,1,210.24695064,1
581,0.48302007,0.50806665,0.57774561,0.13935257,0.52825179,11.89325813,11.96896861,1,1,210.24695064,1
582,0.49828301,0.52386971,0.5542627,0.18656518,0.50768691,11.84550402,11.8564246,1,1,210.24695064,1
583,0.49893219,0.52266015,0.55463028,0.15284128,0.52751858,12.30852937,12.39700262,1,1,210.24695064,1
584,0.47435112,0.51695264,0.57432413,0.13105111,0.54696821,12.08430992,12.12866248,1,1,210.24695064,1
585,0.46232704,0.53271843,0.55908353,0.09843046,0.56602848,12.41025604,12.51161123,1,1,210.24695064,1
586,0.48805898,0.528387,0.55345546,0.09834422,0.54470791,11.80143518,11.80801512,1,1,210.24695064,1
587,0.47606561,0.51493484,0.53847075,0.06654038,0.52382538,11.68355059,11.70926136,1,1,210.24695064,1
588,0.47590375,0.51379359,0.53831138,0.11478841,0.50334891,12.17306886,12.24165487,1,1,210.24695064,1
589,0.52652677,0.56670524,0.56011915,0.08447381,0.50329168,12.22645831,12.25694224,1,1,210.24695064,1
590,0.53035631,0.55058421,0.55231067,0.0528175,0.52322585,11.93072175,12.03915122,1,1,210.24695064,1
591,0.54436705,0.56743254,0.54679203,0.02176115,0.54273124,12.11754072,12.13684172,1,1,210.24695064,1
592,0.52843924,0.56668896,0.5504882,0.03442689,0.56187662,11.83459037,11.94448891,1,1,210.24695064,1
593,0.55185794,0.5851217,0.54446866,0.08371649,0.540734,11.7102686,11.72821452,1,1,210.24695064,1
594,0.55185155,0.58298859,0.54438875,0.13190757,0.55991929,12.22827993,12.23827826,1,1,210.24695064,1
595,0.51928749,0.55172408,0.55770383,0.1776348,0.53874135,11.75304912,11.77910609,1,1,210.24695064,1
596,0.49785956,0.55348023,0.54491373,0.14408219,0.54103792,12.17593227,12.2069278,1,1,210.24695064,1
597,0.50961761,0.54208195,0.5625889,0.19120055,0.52021716,11.98774184,12.05749363,1,1,210.24695064,1
598,0.50529103,0.53092177,0.55547041,0.23669428,0.53147604,12.11048435,12.21991294,1,1,210.24695064,1
599,0.49705569,0.54121825,0.54815774,0.28169457,0.5324201,12.0177659,12.06733184,1,1,210.24695064,1
600,0.49497643,0.53577867,0.54249403,0.32606068,0.52325012,12.38163439,12.45993882,1,1,210.24695064,1
601,0.48804063,0.53942143,0.54522847,0.2995364,0.54278509,11.75294618,11.83137776,1,1,210.24695064,1
602,0.50196612,0.51992999,0.54083179,0.26368064,0.56192939,12.07511348,12.1873818,1,1,210.24695064,1
603,0.50234543,0.51533199,0.54110795,0.22841033,0.55017911,12.04397985,12.07000314,1,1,210.24695064,1
604,0.45628455,0.49367473,0.55997434,0.19384434,0.56917499,11.9839897,12.05366328,1,1,210.24695064,1
605,0.47181616,0.49074206,0.54097275,0.15996988,0.56363611,12.0025816,12.02414362,1,1,210.24695064,1
606,0.47324724,0.49506055,0.56291965,0.13792789,0.54236376,11.93071553,11.99885464,1,1,210.24695064,1
607,0.46122277,0.49653658,0.56022287,0.17894905,0.52750023,12.01058012,12.08881618,1,1,210.24695064,1
608,0.46573671,0.49322003,0.54042645,0.22483739,0.54194866,11.85026495,11.93239576,1,1,210.24695064,1
609,0.47434183,0.47424951,0.56206283,0.19034689,0.55648885,11.77222941,11.81425055,1,1,210.24695064,1
610,0.47433299,0.47475886,0.5621318,0.23653995,0.57535871,12.25915065,12.35935977,1,1,210.24695064,1
611,0.4850121,0.53622884,0.58157242,0.28180912,0.56748062,12.4483948,12.57188648,1,1,210.24695064,1
612,0.5163286,0.5476581,0.56723464,0.25234886,0.58421545,11.82471723,11.86613431,1,1,210.24695064,1
613,0.50532614,0.54480156,0.55502887,0.27318826,0.5627689,12.02202766,12.02552814,1,1,210.24695064,1
614,0.54346051,0.53279809,0.55674641,0.31772447,0.54157769,11.72253007,11.81276983,1,1,210.24695064,1
615,0.54189997,0.51539385,0.55199092,0.35985705,0.56053924,11.98610053,11.99501735,1,1,210.24695064,1
616,0.54179725,0.51495453,0.55197256,0.4019686,0.57932845,12.00800062,12.0111061,1,1,210.24695064,1
617,0.52743057,0.47631735,0.55147742,0.39574449,0.56607293,11.85251708,11.92337254,1,1,210.24695064,1
618,0.52272554,0.4905206,0.56783498,0.43777579,0.56565118,11.92323107,12.00881787,1,1,210.24695064,1
619,0.51403203,0.48916048,0.54737755,0.40112376,0.58428194,11.72450434,11.81952317,1,1,210.24695064,1
620,0.49628143,0.48487012,0.57016122,0.36319808,0.5625963,12.17028011,12.20125636,1,1,210.24695064,1
621,0.48900051,0.49317187,0.56183445,0.32593412,0.58134437,12.1497143,12.20655052,1,1,210.24695064,1
622,0.50320508,0.49347227,0.56748651,0.36804429,0.57825718,11.9726297,12.0405034,1,1,210.24695064,1
623,0.5026684,0.49328535,0.56752623,0.38415659,0.59669204,11.89066504,11.92945937,1,1,210.24695064,1
624,0.55344222,0.54121112,0.56849477,0.42644394,0.61475524,12.00114579,12.11035183,1,1,210.24695064,1
625,0.56846358,0.53785625,0.55327671,0.38791506,0.6324601,11.93006121,11.99330818,1,1,210.24695064,1
626,0.54442197,0.55645634,0.53642142,0.43015612,0.6098109,11.73158444,11.74967316,1,1,210.24695064,1
627,0.56094281,0.55657819,0.54608508,0.43599474,0.62760869,12.01160222,12.07967329,1,1,210.24695064,1
628,0.56177956,0.55779087,0.5462218,0.47727484,0.64504747,11.69324731,11.74496012,1,1,210.24695064,1
629,0.53221192,0.55290412,0.55299417,0.51772917,0.62220353,12.18166157,12.26067534,1,1,210.24695064,1
630,0.53361499,0.55114296,0.55943867,0.55737458,0.59977028,11.97834622,12.06791292,1,1,210.24695064,1
631,0.55046037,0.53597499,0.55204407,0.59621861,0.5777749,12.28987437,12.37976375,1,1,210.24695064,1
632,0.52222001,0.53852018,0.55155017,0.63156343,0.55648921,11.8950422,11.90187525,1,1,210.24695064,1
633,0.5206047,0.52651067,0.56390067,0.58894206,0.53544754,11.78662505,11.86395423,1,1,210.24695064,1
634,0.52527336,0.52188291,0.54674207,0.62701471,0.51475284,12.12280888,12.23182529,1,1,210.24695064,1
635,0.51457398,0.51088826,0.56776495,0.58447521,0.49662355,12.27414737,12.31812772,1,1,210.24695064,1
636,0.51492453,0.50959275,0.56738789,0.62278571,0.47676695,11.76695608,11.78681178,1,1,210.24695064,1
637,0.58349493,0.54399278,0.58305894,0.62859822,0.49723124,12.11032763,12.136254,1,1,210.24695064,1
638,0.55394036,0.52905008,0.5682863,0.66602623,0.47728662,11.61420634,11.69705332,1,1,210.24695064,1
639,0.56749954,0.55149401,0.58382241,0.70267665,0.49691259,11.96684467,11.97565677,1,1,210.24695064,1
640,0.56178805,0.56504837,0.5592897,0.65869273,0.47697466,12.05310327,12.08844608,1,1,210.24695064,1
641,0.55168056,0.55550771,0.55228392,0.6955188,0.45985375,11.93555422,12.03510255,1,1,210.24695064,1
642,0.55137858,0.55833082,0.55260661,0.72518147,0.44862281,12.04416479,12.12263247,1,1,210.24695064,1
643,0.53274427,0.52235146,0.56813113,0.76067784,0.42965036,12.18232998,12.27809344,1,1,210.24695064,1
644,0.53705514,0.53166914,0.57389902,0.79545655,0.41106615,12.10126849,12.1130301,1,1,210.24695064,1
645,0.51374441,0.53008672,0.57547767,0.7513503,0.43284482,11.82613321,11.93111958,1,1,210.24695064,1
646,0.53177274,0.5360971,0.55391665,0.70706462,0.45368818,11.83302333,11.88153303,1,1,210.24695064,1
647,0.50892693,0.53299677,0.54314797,0.74285824,0.47461131,11.99624686,12.02830888,1,1,210.24695064,1
648,0.5082651,0.53005939,0.543408,0.69808662,0.45513203,12.10781591,12.19791931,1,1,210.24695064,1
649,0.56661881,0.57133143,0.56427024,0.73412489,0.47602938,11.99681917,12.00747277,1,1,210.24695064,1
650,0.54053945,0.57816974,0.56150316,0.7638492,0.4727362,12.0698399,12.07420502,1,1,210.24695064,1
651,0.54974006,0.58381873,0.56438257,0.71994998,0.48561997,12.14236009,12.16984156,1,1,210.24695064,1
652,0.55421136,0.57642656,0.55493123,0.75554591,0.50590757,11.75262185,11.8165737,1,1,210.24695064,1
653,0.54852153,0.58966501,0.53146734,0.710435,0.52578756,11.81763699,11.92919315,1,1,210.24695064,1
654,0.54867429,0.58992991,0.53161935,0.68199842,0.54527181,12.3727186,12.4089549,1,1,210.24695064,1
655,0.51755223,0.52566009,0.55815709,0.71835845,0.56436637,12.00590159,12.0779745,1,1,210.24695064,1
656,0.53037489,0.55104416,0.53689845,0.67399128,0.58103646,11.82873141,11.87246659,1,1,210.24695064,1
657,0.50918613,0.53095396,0.54864355,0.71024649,0.55941573,12.01984812,12.10318509,1,1,210.24695064,1
658,0.50956489,0.53826661,0.54640616,0.70647948,0.53824839,12.27300328,12.31400588,1,1,210.24695064,1
659,0.50083742,0.54455081,0.53084297,0.66707535,0.51777094,11.70332738,11.75569687,1,1,210.24695064,1
660,0.49365354,0.52880706,0.52815597,0.63797355,0.49793413,11.8296086,11.84404582,1,1,210.24695064,1
661,0.49353541,0.53101863,0.52842968,0.67521408,0.51797372,11.88413569,11.93806224,1,1,210.24695064,1
662,0.47403936,0.60463501,0.55172112,0.7117098,0.50975059,11.79499581,11.81044592,1,1,210.24695064,1
663,0.47383772,0.57406546,0.55143857,0.73736558,0.48989123,12.43112173,12.50106545,1,1,210.24695064,1
664,0.49249943,0.57392444,0.5485156,0.69261829,0.51009341,11.74021779,11.78459805,1,1,210.24695064,1
665,0.51104688,0.56946985,0.52983625,0.65002422,0.48989154,12.03745996,12.11329529,1,1,210.24695064,1
666,0.52207423,0.55452348,0.5448102,0.60704794,0.51009328,11.75241629,11.80159194,1,1,210.24695064,1
667,0.52190676,0.55428147,0.54468153,0.64490697,0.52982274,12.00139986,12.11909107,1,1,210.24695064,1
668,0.48469636,0.56396833,0.56058773,0.68200865,0.50922629,11.65462356,11.6807916,1,1,210.24695064,1
669,0.4848776,0.55018138,0.55721502,0.63837248,0.48904176,12.09403537,12.20847814,1,1,210.24695064,1
670,0.50343155,0.53926805,0.55224798,0.59562695,0.50624984,11.60972883,11.64644607,1,1,210.24695064,1
671,0.5105882,0.51558665,0.56851347,0.5540804,0.52612186,12.1996538,12.30187144,1,1,210.24695064,1
672,0.49764208,0.5150084,0.54911318,0.56477693,0.5455236,12.18915292,12.28067693,1,1,210.24695064,1
673,0.48863851,0.51348732,0.53840905,0.52348165,0.56461313,11.34099497,11.34136563,1,1,210.24695064,1
674,0.48796909,0.51209355,0.53845865,0.48955251,0.5756456,11.81966113,11.91235889,1,1,210.24695064,1
675,0.45097001,0.532457,0.5582006,0.44976154,0.55691718,11.95333996,11.99163011,1,1,210.24695064,1
676,0.44770654,0.53485021,0.54641173,0.4906444,0.53577884,11.78642111,11.79204113,1,1,210.24695064,1
677,0.46590305,0.52236862,0.54777471,0.53039648,0.51506327,11.79840457,11.91426632,1,1,210.24695064,1
678,0.46396579,0.52229574,0.53999714,0.56974335,0.49476225,11.89975094,11.9409912,1,1,210.24695064,1
679,0.48567312,0.50933687,0.54876585,0.59833246,0.514867,12.5381826,12.66065522,1,1,210.24695064,1
680,0.49903551,0.51641854,0.55567846,0.63629982,0.53441343,12.10341231,12.13232848,1,1,210.24695064,1
681,0.49927956,0.51502105,0.5556569,0.67057011,0.51372517,11.67572159,11.71684899,1,1,210.24695064,1
682,0.55992946,0.52296341,0.55633105,0.6273203,0.49370491,11.78007486,11.78750709,1,1,210.24695064,1
683,0.56614392,0.55374275,0.57594862,0.58547966,0.51383081,12.06343895,12.07950611,1,1,210.24695064,1
684,0.54832854,0.55550136,0.57528223,0.54377007,0.53355355,12.0671874,12.17482503,1,1,210.24695064,1
685,0.54786515,0.54744351,0.55918334,0.51071771,0.55288101,11.6668581,11.71257589,1,1,210.24695064,1
686,0.53704523,0.55439032,0.54525812,0.54802229,0.53182349,12.16914464,12.21034298,1,1,210.24695064,1
687,0.53694692,0.55776263,0.55307908,0.50706184,0.51134212,11.89220289,12.00292474,1,1,210.24695064,1
688,0.5370686,0.55528756,0.55281174,0.54692059,0.491125,12.24897092,12.35475228,1,1,210.24695064,1
689,0.61254353,0.51435046,0.57874865,0.58055074,0.49807207,12.09079443,12.2112728,1,1,210.24695064,1
690,0.58218854,0.52501559,0.55479443,0.53903552,0.47811619,12.36494147,12.47177714,1,1,210.24695064,1
691,0.57823891,0.53875213,0.5512191,0.49825514,0.45855391,11.93806957,11.94388402,1,1,210.24695064,1
692,0.55267814,0.57273261,0.57604814,0.45829904,0.47938278,11.89358888,12.01174298,1,1,210.24695064,1
693,0.55177427,0.55837233,0.55168876,0.49882947,0.49979512,12.38611882,12.46715283,1,1,210.24695064,1
694,0.55707757,0.5700686,0.54410487,0.53885287,0.47992109,12.24256111,12.25546587,1,1,210.24695064,1
695,0.55733341,0.57129197,0.5443842,0.54765856,0.46032267,11.44405631,11.52984438,1,1,210.24695064,1
696,0.54406901,0.57827826,0.57218626,0.58670539,0.4810459,11.78299856,11.86573283,1,1,210.24695064,1
697,0.53355018,0.56094816,0.56105911,0.5452382,0.46160938,12.13213242,12.24376959,1,1,210.24695064,1
698,0.52586508,0.5425656,0.55039051,0.5837736,0.44237719,11.9133499,11.9815867,1,1,210.24695064,1
699,0.52426145,0.55431655,0.56670959,0.62209809,0.42352978,11.7989016,11.90868765,1,1,210.24695064,1
700,0.53227501,0.51632436,0.54714799,0.57965631,0.40505919,12.03874187,12.03907899,1,1,210.24695064,1
701,0.52988214,0.51088411,0.57134522,0.61785357,0.40297429,11.8319027,11.85739165,1,1,210.24695064,1
702,0.50775759,0.51093065,0.56788094,0.65528835,0.38925805,12.22734633,12.29332064,1,1,210.24695064,1
703,0.5148836,0.49560767,0.55952272,0.61218519,0.41147289,11.52372229,11.61929151,1,1,210.24695064,1
704,0.5230576,0.49936572,0.55510464,0.64994013,0.43324336,11.7778701,11.83474002,1,1,210.24695064,1
705,0.52286135,0.49942781,0.55467763,0.68691226,0.41466263,11.92650299,12.03568009,1,1,210.24695064,1
706,0.55444593,0.4782793,0.56422966,0.72317329,0.39636938,12.10056986,12.15820467,1,1,210.24695064,1
707,0.54434518,0.47048135,0.55289349,0.67871656,0.41804597,11.80564655,11.88863904,1,1,210.24695064,1
708,0.54662492,0.49528338,0.56605031,0.71514222,0.41004746,12.02213509,12.10201518,1,1,210.24695064,1
709,0.52865801,0.50191459,0.54958765,0.75083913,0.39184651,12.13338658,12.21205846,1,1,210.24695064,1
710,0.52246572,0.4938296,0.55900421,0.70582235,0.37926302,11.98469283,12.09128548,1,1,210.24695064,1
711,0.52272569,0.49567567,0.55893645,0.66205621,0.36167779,12.02916544,12.08640379,1,1,210.24695064,1
712,0.55575485,0.48590287,0.5704885,0.62051427,0.38438714,12.03004935,12.13749745,1,1,210.24695064,1
713,0.57768267,0.49581059,0.57553409,0.57810398,0.3666994,12.02525686,12.10086238,1,1,210.24695064,1
714,0.56905267,0.51399078,0.56820278,0.58493329,0.34936632,12.01036551,12.0326716,1,1,210.24695064,1
715,0.55434028,0.53179127,0.55877442,0.54323462,0.33237901,12.06863522,12.09736327,1,1,210.24695064,1
716,0.54229141,0.5168417,0.56335303,0.58236992,0.31583421,11.8374038,11.85628635,1,1,210.24695064,1
717,0.54175266,0.51916077,0.56371953,0.62072252,0.30568811,11.94989209,12.03145876,1,1,210.24695064,1
718,0.52345367,0.46914763,0.59351243,0.57830807,0.32643935,12.03670351,12.04975244,1,1,210.24695064,1
719,0.51199392,0.47738594,0.58492899,0.53674191,0.31064856,11.60158591,11.66292455,1,1,210.24695064,1
720,0.49740344,0.47795877,0.55648385,0.49600707,0.33443509,12.20433257,12.24909632,1,1,210.24695064,1
721,0.50192039,0.47253065,0.55202252,0.53606319,0.35635502,11.85109034,11.87814647,1,1,210.24695064,1
722,0.50141931,0.47429785,0.57179689,0.49534197,0.3792279,12.38251561,12.43753744,1,1,210.24695064,1
723,0.50130434,0.47714007,0.57224053,0.46166357,0.39311516,11.70521505,11.75088214,1,1,210.24695064,1
724,0.47987645,0.46218273,0.57908917,0.43392126,0.37525286,11.82615117,11.8459155,1,1,210.24695064,1
725,0.48484337,0.47956572,0.59331255,0.47524283,0.37460075,11.91420935,12.02173763,1,1,210.24695064,1
726,0.47219963,0.46580231,0.56531485,0.59439489,0.43503159,11.78183177,11.79619783,1,1,210.24695064,0
727,0.47447252,0.46100194,0.57596782,0.52843161,0.49314369,12.12619502,12.22804449,1,1,210.24695064,0
728,0.48146963,0.46501691,0.56084247,0.40800936,0.48254903,11.91437154,11.98809725,1,1,210.24695064,0
729,0.48198005,0.46892027,0.56056085,0.52984917,0.54438884,11.90349047,12.01815383,1,1,210.24695064,0
730,0.56108716,0.53982536,0.55850098,0.56187389,0.4869028,11.73407029,11.74476473,1,1,210.24695064,0
731,0.55215704,0.61887537,0.55225356,0.44063642,0.42571257,12.13431163,12.19443043,1,1,210.24695064,0
732,0.55509634,0.68258936,0.53690754,0.32291483,0.36691039,11.93966926,12.01712851,1,1,210.24695064,0
733,0.59871192,0.78159242,0.49177176,0.21691741,0.43045208,12.06911943,12.17980296,1,1,210.24695064,0
734,0.58104637,0.85965535,0.49080733,0.34246506,0.37611373,11.9900037,12.04537038,1,1,210.24695064,0
735,0.60347563,0.94575507,0.44940042,0.31531161,0.31926453,11.96819983,12.04784759,1,1,210.24695064,0
736,0.61191593,0.013725,0.46060603,0.19900699,0.38295791,11.88781894,11.97867351,1,1,210.24695064,0
737,0.611355,0.01424758,0.46077473,0.32502498,0.44491379,12.14822632,12.16081746,1,1,210.24695064,0
738,0.65438353,0.07031565,0.49430616,0.39503991,0.38860281,11.6914694,11.70373316,1,1,210.24695064,0
739,0.62972869,0.1381376,0.48716982,0.51675497,0.33070201,12.26425188,12.36033294,1,1,210.24695064,0
740,0.60594104,0.22384345,0.49286808,0.63634585,0.27036691,12.0558918,12.06830196,1,1,210.24695064,0
741,0.56045283,0.34567687,0.51281315,0.75346413,0.32763999,12.02524307,12.12002325,1,1,210.24695064,0
742,0.53548992,0.47222894,0.51668667,0.84686103,0.26599847,11.68606362,11.68705986,1,1,210.24695064,0
743,0.50648957,0.60479154,0.52314915,0.95992336,0.31906124,11.44253324,11.52734252,1,1,210.24695064,0
744,0.48838868,0.72159324,0.53863409,0.83073362,0.24986277,12.23025244,12.34668827,1,1,210.24695064,0
745,0.44520331,0.81025013,0.55875811,0.70411895,0.1832481,11.80941656,11.89075353,1,1,210.24695064,0
746,0.42154205,0.85393693,0.55564748,0.82002764,0.23912682,11.99886448,12.10116115,1,1,210.24695064,0
747,0.41776257,0.9008358,0.57990387,0.69362709,0.17273728,12.10202714,12.11025482,1,1,210.24695064,0
748,0.41762155,0.90161417,0.57972655,0.56975552,0.22742989,11.44974801,11.46238088,1,1,210.24695064,0
749,0.39016169,0.85665481,0.59721936,0.55377031,0.21455162,12.19242118,12.20748229,1,1,210.24695064,1
750,0.40836443,0.80759147,0.57053709,0.5926949,0.20176667,11.87747806,11.953052,1,1,210.24695064,1
751,0.44392003,0.73137502,0.5585279,0.550841,0.22772665,11.95730812,12.02245319,1,1,210.24695064,1
752,0.48930132,0.62273738,0.51802531,0.53190982,0.21317213,11.712788,11.82126845,1,1,210.24695064,1
753,0.48712061,0.52520018,0.49711953,0.569695,0.2058729,11.9786613,12.02400532,1,1,210.24695064,1
754,0.52036804,0.4651336,0.49617867,0.52833986,0.23142195,12.08258143,12.09813719,1,1,210.24695064,1
755,0.52875579,0.42159394,0.49802284,0.56777148,0.21679351,11.64539151,11.68385589,1,1,210.24695064,1
756,0.52864693,0.4223104,0.49818552,0.60624694,0.22149948,12.05392701,12.08064292,1,1,210.24695064,1
757,0.56366424,0.38806575,0.50004147,0.56412472,0.24706949,12.19480407,12.23720227,1,1,210.24695064,1
758,0.53713764,0.40174784,0.51820556,0.60284169,0.23212812,12.02792749,12.03232571,1,1,210.24695064,1
759,0.52513763,0.40844576,0.5030429,0.6127294,0.25744171,11.81407655,11.86344043,1,1,210.24695064,1
760,0.51774939,0.41169981,0.51805768,0.57047536,0.28229287,11.95455058,11.98893848,1,1,210.24695064,1
761,0.5153646,0.42268378,0.51225089,0.53811944,0.3065686,11.92972977,12.04229697,1,1,210.24695064,1
762,0.51551379,0.41972238,0.51233625,0.57269916,0.30050726,11.96012394,11.99677118,1,1,210.24695064,1
763,0.55880298,0.43048343,0.53794356,0.53159712,0.28560533,12.02108365,12.09952358,1,1,210.24695064,1
764,0.55619225,0.42544305,0.51768962,0.57096489,0.26989322,11.90673217,11.98212853,1,1,210.24695064,1
765,0.54841444,0.44009196,0.53990262,0.53458488,0.25733523,12.28739436,12.35803981,1,1,210.24695064,1
766,0.54977779,0.45115167,0.54013324,0.57389317,0.28218679,11.82280628,11.83427213,1,1,210.24695064,1
767,0.56175642,0.46074453,0.53952276,0.53241536,0.26831163,11.79661527,11.90313015,1,1,210.24695064,1
768,0.53969953,0.47036034,0.51509857,0.51314589,0.2929454,12.35675493,12.453141,1,1,210.24695064,1
769,0.54811925,0.48199645,0.51925788,0.55073856,0.31680633,11.7305874,11.84371306,1,1,210.24695064,1
770,0.54773229,0.48374732,0.51901491,0.50997937,0.3004702,12.00475309,12.04714214,1,1,210.24695064,1
771,0.5767582,0.45458579,0.53078606,0.46977998,0.2859403,11.8363463,11.95260584,1,1,210.24695064,1
772,0.58594353,0.45634966,0.53069854,0.48851896,0.27022151,12.06460764,12.18086895,1,1,210.24695064,1
773,0.58137066,0.47278647,0.52949911,0.5287485,0.29481706,11.87226336,11.88023445,1,1,210.24695064,1
774,0.57370597,0.48751193,0.53828126,0.48817353,0.31777818,12.00867055,12.04009198,1,1,210.24695064,1
775,0.5442774,0.5091129,0.53753966,0.52840988,0.33899471,12.05286798,12.08464907,1,1,210.24695064,1
776,0.55432049,0.51068366,0.52550269,0.56784168,0.36219743,12.16709869,12.25519385,1,1,210.24695064,1
777,0.55388898,0.51323196,0.52542136,0.60648481,0.34495518,12.1263901,12.18893473,1,1,210.24695064,1
778,0.54157926,0.45705303,0.55249828,0.56435512,0.36805603,11.5834231,11.65467147,1,1,210.24695064,1
779,0.53981186,0.47966489,0.53349897,0.59018581,0.35069491,11.92846285,11.95399185,1,1,210.24695064,1
780,0.51408764,0.45463043,0.53267731,0.62837567,0.37368083,12.24330351,12.26658883,1,1,210.24695064,1
781,0.51210579,0.47582844,0.5288912,0.66580816,0.35686622,11.81086131,11.88766582,1,1,210.24695064,1
782,0.49882371,0.47665446,0.52420426,0.64448569,0.34792735,12.2502173,12.35381423,1,1,210.24695064,1
783,0.51554788,0.46620844,0.52597777,0.6015975,0.33098577,11.81931986,11.91303127,1,1,210.24695064,1
784,0.51593039,0.46597242,0.52582675,0.63947039,0.35436605,12.0748357,12.09776477,1,1,210.24695064,1
785,0.50151361,0.42772097,0.54771861,0.67668092,0.36251965,12.26038971,12.27143158,1,1,210.24695064,1
786,0.4945788,0.44079369,0.53435636,0.71314728,0.3453102,12.18353034,12.26717305,1,1,210.24695064,1
787,0.48628624,0.43058522,0.54209714,0.74888426,0.35161551,11.90192736,12.01014882,1,1,210.24695064,1
788,0.49269538,0.43976514,0.53538689,0.7838662,0.37458318,12.00204638,12.11510297,1,1,210.24695064,1
789,0.49523954,0.4287702,0.54131287,0.81813477,0.35722788,12.14097349,12.18494565,1,1,210.24695064,1
790,0.49519779,0.42898788,0.54118224,0.85177179,0.34010292,11.85367942,11.94431665,1,1,210.24695064,1
791,0.50655561,0.50492223,0.54262242,0.88473635,0.32330112,12.21318086,12.24642312,1,1,210.24695064,1
792,0.51218662,0.47896706,0.54587504,0.83704188,0.34641693,11.8796125,11.99183601,1,1,210.24695064,1
793,0.53067113,0.47686906,0.54350539,0.81876143,0.34585561,11.88496018,11.91548501,1,1,210.24695064,1
794,0.51501389,0.45907527,0.52673827,0.81877712,0.36880474,11.85703428,11.88336703,1,1,210.24695064,1
795,0.52921171,0.45210599,0.54358392,0.85157901,0.35148884,11.94505087,12.02414365,1,1,210.24695064,1
796,0.52954739,0.44840148,0.54359162,0.88400706,0.33445906,12.21008274,12.32314937,1,1,210.24695064,1
797,0.57482622,0.45940649,0.57461933,0.90208315,0.35764421,12.0048074,12.12322102,1,1,210.24695064,1
798,0.56759507,0.46563911,0.5477345,0.85404255,0.38048989,11.82862272,11.87447853,1,1,210.24695064,1
799,0.57608615,0.48618763,0.56674743,0.80696283,0.36288009,12.01400206,12.04749047,1,1,210.24695064,1
800,0.55013534,0.49147997,0.546705,0.76083828,0.34696643,12.25448017,12.32287308,1,1,210.24695064,1
801,0.55545921,0.50443747,0.55425097,0.72209199,0.36946414,12.26556833,12.33391198,1,1,210.24695064,1
802,0.55892444,0.49552213,0.54006995,0.75765015,0.35959624,11.63970676,11.69775803,1,1,210.24695064,1
803,0.55270246,0.52250894,0.56014996,0.71250608,0.38237978,12.13395636,12.1902316,1,1,210.24695064,1
804,0.55230687,0.51941305,0.56038049,0.66825596,0.36473219,12.10442142,12.13763895,1,1,210.24695064,1
805,0.57951702,0.48173664,0.5691402,0.62489084,0.3474376,11.98708184,12.09049659,1,1,210.24695064,1
806,0.54802446,0.47566279,0.55954093,0.58239303,0.33048885,11.9902488,12.09441786,1,1,210.24695064,1
807,0.53427328,0.4765084,0.57599605,0.62074515,0.35347355,12.1457459,12.20450647,1,1,210.24695064,1
808,0.54304687,0.49368844,0.56449889,0.57833087,0.33728642,11.36497582,11.46013708,1,1,210.24695064,1
809,0.52591417,0.51175589,0.55812494,0.53690055,0.36053989,12.02649281,12.10425939,1,1,210.24695064,1
810,0.52586437,0.50905717,0.55778226,0.57616254,0.38325547,11.62693924,11.67332558,1,1,210.24695064,1
811,0.50078124,0.51265341,0.5633184,0.6047782,0.36567019,11.9826106,12.07740629,1,1,210.24695064,1
812,0.49098104,0.50263874,0.56734481,0.5626836,0.34835679,12.30731854,12.35315834,1,1,210.24695064,1
813,0.51798701,0.49249052,0.57013868,0.52144468,0.37138948,12.00821838,12.01314098,1,1,210.24695064,1
814,0.50090761,0.48433284,0.56508317,0.53022658,0.36057453,12.02749051,12.05148006,1,1,210.24695064,0
815,0.49281867,0.48696533,0.56330203,0.40962319,0.33836515,12.36420311,12.39981376,1,1,210.24695064,0
816,0.49243041,0.48864833,0.56355857,0.52592541,0.40016749,12.01954075,12.03372436,1,1,210.24695064,0
817,0.56350462,0.58678802,0.55191671,0.40540693,0.45964898,11.86242664,11.90703119,1,1,210.24695064,0
818,0.59169784,0.63628296,0.50092388,0.52729314,0.40154084,12.09776818,12.10496912,1,1,210.24695064,0
819,0.63415608,0.71249779,0.45299465,0.64453949,0.34099498,11.78672671,11.88392156,1,1,210.24695064,0
820,0.63569201,0.7939624,0.40005234,0.52353321,0.39810419,11.86882972,11.94378142,1,1,210.24695064,0
821,0.67062603,0.82328747,0.3672964,0.64305704,0.38111441,12.23070292,12.23131833,1,1,210.24695064,0
822,0.67115326,0.81989627,0.36741018,0.52310693,0.31940766,11.79642985,11.80173122,1,1,210.24695064,0
823,0.60328759,0.76286211,0.40154736,0.64243653,0.25894552,12.18332229,12.29253528,1,1,210.24695064,0
824,0.55087334,0.71373124,0.42030635,0.52084108,0.31584378,11.75010399,11.86196839,1,1,210.24695064,0
825,0.52349007,0.63809498,0.47355822,0.402941,0.36598172,11.74457983,11.84649641,1,1,210.24695064,0
826,0.43637347,0.53918122,0.51466289,0.51618759,0.30803996,11.99302818,12.058146,1,1,210.24695064,0
827,0.40253323,0.45025651,0.54202911,0.63301666,0.24771629,12.21069231,12.24981131,1,1,210.24695064,0
828,0.34714314,0.39382375,0.56812297,0.53794207,0.18529923,12.04943785,12.08236972,1,1,210.24695064,0
829,0.33369367,0.36083066,0.5913791,0.41742005,0.12500155,11.92716219,11.93963025,1,1,210.24695064,0
830,0.33415698,0.36133791,0.59177801,0.29908704,0.06665315,12.10028296,12.17137586,1,1,210.24695064,0
831,0.44694837,0.4553123,0.55049202,0.18313209,0.01067775,11.90653833,12.00453646,1,1,210.24695064,0
832,0.53396326,0.44983127,0.49628841,0.10806579,0,12.31733822,12.40878119,1,1,210.24695064,0
833,0.65740922,0.42777779,0.42942295,0.23590386,0.06783709,11.85087528,11.86449442,1,1,210.24695064,0
834,0.74148094,0.41824098,0.37149374,0.12119207,0.1330918,12.10787475,12.19583421,1,1,210.24695064,0
835,0.80321873,0.42162708,0.34175122,0.04368258,0.08066798,11.98337268,12.08307161,1,1,210.24695064,0
836,0.80241658,0.42327141,0.3416085,0.13245333,0.07258554,11.82957999,11.85609549,1,1,210.24695064,0
837,0.72108469,0.36285236,0.3971593,0.25978196,0.13993647,11.61818181,11.64086249,1,1,210.24695064,0
838,0.63656688,0.39331796,0.44091134,0.14458632,0.08474676,11.9684327,12.00796689,1,1,210.24695064,0
839,0.52796963,0.40808393,0.49663301,0.19169454,0.11305182,11.89585406,11.92245601,1,1,210.24695064,1
840,0.39306728,0.43165102,0.54083695,0.23786057,0.10125351,11.80967997,11.84301469,1,1,210.24695064,1
841,0.29761067,0.45737833,0.56699584,0.21165808,0.12922806,12.0538652,12.10611528,1,1,210.24695064,1
842,0.23767676,0.46102724,0.59301893,0.25740726,0.1166435,11.96935336,12.08564133,1,1,210.24695064,1
843,0.23800236,0.45884014,0.59325846,0.22233654,0.14333346,12.12951899,12.14382869,1,1,210.24695064,1
844,0.26597889,0.51945835,0.61020323,0.18813599,0.17046668,11.95823163,11.96258439,1,1,210.24695064,1
845,0.27562283,0.52270046,0.59585325,0.23437325,0.1666577,12.01020708,12.119027,1,1,210.24695064,1
846,0.29681522,0.52518663,0.60906679,0.20100722,0.17879147,11.88290658,11.97919911,1,1,210.24695064,1
847,0.29262919,0.52892394,0.60189657,0.16698708,0.20520221,11.88516726,11.88683665,1,1,210.24695064,1
848,0.31139635,0.54606543,0.62232433,0.21364729,0.20227588,11.73473696,11.81070505,1,1,210.24695064,1
849,0.32927544,0.55418633,0.61775549,0.18047004,0.18823036,11.87468287,11.97359207,1,1,210.24695064,1
850,0.33181396,0.54473697,0.58873255,0.21745604,0.17460811,11.94014244,11.97215017,1,1,210.24695064,1
851,0.36433794,0.56254231,0.60244111,0.25659484,0.16111628,12.18224408,12.22805213,1,1,210.24695064,1
852,0.37262953,0.56996014,0.58641393,0.30146287,0.14789397,11.84823803,11.96329109,1,1,210.24695064,1
853,0.37077558,0.57447485,0.60670418,0.26543361,0.13493609,11.94778317,11.99973786,1,1,210.24695064,1
854,0.38247375,0.56297248,0.58844507,0.23012494,0.16165917,12.27456016,12.39565245,1,1,210.24695064,1
855,0.38915389,0.55722831,0.60367561,0.22439429,0.14842599,11.75750118,11.82030762,1,1,210.24695064,1
856,0.38832673,0.55480741,0.6033726,0.26963683,0.17545712,11.86721678,11.96930288,1,1,210.24695064,1
857,0.40010882,0.63590722,0.60281449,0.31424409,0.20194797,12.09512483,12.10894673,1,1,210.24695064,1
858,0.41512032,0.64799262,0.62218577,0.3579592,0.22729804,11.89179351,11.90309349,1,1,210.24695064,1
859,0.4237671,0.63537684,0.61214832,0.32080087,0.25248954,11.98351914,12.08614209,1,1,210.24695064,1
860,0.43174953,0.61609305,0.614773,0.28454577,0.27743665,11.60850757,11.65140333,1,1,210.24695064,1
861,0.45434325,0.60598221,0.62497941,0.32852895,0.2619044,11.7119396,11.74697116,1,1,210.24695064,1
862,0.46943049,0.59804359,0.58938377,0.37195814,0.28666394,11.99096419,12.10418871,1,1,210.24695064,1
863,0.45205904,0.59487574,0.6216953,0.33479628,0.27803013,11.59713652,11.70071259,1,1,210.24695064,1
864,0.45242779,0.59523343,0.62132384,0.37810035,0.3003985,11.8846199,11.92876764,1,1,210.24695064,1
865,0.462487,0.65375951,0.62829791,0.41878316,0.28439063,11.83302594,11.90107978,1,1,210.24695064,1
866,0.48419677,0.65385592,0.64168757,0.46039255,0.30273062,11.81276169,11.82400061,1,1,210.24695064,1
867,0.50356365,0.65852049,0.60737174,0.49986814,0.32659938,12.06307098,12.18168213,1,1,210.24695064,1
868,0.50409942,0.63373248,0.60797096,0.4690346,0.31016259,12.04413632,12.05893311,1,1,210.24695064,1
869,0.51492873,0.63597759,0.59527287,0.4298564,0.29396721,11.92329414,12.0190878,1,1,210.24695064,1
870,0.51545109,0.63341389,0.59510323,0.47125927,0.27809483,11.60712403,11.7096323,1,1,210.24695064,1
871,0.56433426,0.61483174,0.59725901,0.43183408,0.26558146,12.02705012,12.03042922,1,1,210.24695064,1
872,0.54086225,0.6433048,0.59028204,0.39405501,0.28333726,11.96668014,12.07589705,1,1,210.24695064,1
873,0.5427974,0.65292263,0.60795515,0.43617125,0.26773759,12.19474087,12.24079164,1,1,210.24695064,1
874,0.52611726,0.6445201,0.56821821,0.40290817,0.2538346,12.1871007,12.263421,1,1,210.24695064,1
875,0.51323056,0.65485962,0.58275978,0.44485001,0.27875736,12.00836551,12.10114449,1,1,210.24695064,1
876,0.51377487,0.65594564,0.58274787,0.4059532,0.26319221,12.01915833,12.05896533,1,1,210.24695064,1
877,0.48708078,0.6795598,0.61623854,0.43344859,0.28780593,12.09283082,12.18582926,1,1,210.24695064,1
878,0.49674023,0.65305907,0.61097077,0.39515827,0.27204981,12.22097943,12.27575238,1,1,210.24695064,1
879,0.47709728,0.64830459,0.57966097,0.4372551,0.25660882,12.0384376,12.08380153,1,1,210.24695064,1
880,0.47780004,0.63563934,0.59751826,0.47351951,0.24148436,11.87531611,11.91466403,1,1,210.24695064,1
881,0.50041832,0.63360067,0.59565659,0.43425975,0.26664857,11.92696362,11.95277694,1,1,210.24695064,1
882,0.49142637,0.60619386,0.59375031,0.39812311,0.2913156,11.98910114,12.10132058,1,1,210.24695064,1
883,0.5031914,0.61630666,0.59236574,0.36016066,0.2756363,11.91900633,12.00245015,1,1,210.24695064,1
884,0.50747956,0.59784395,0.57478071,0.33973003,0.28375906,11.93518774,12.02248956,1,1,210.24695064,1
885,0.50781538,0.5958042,0.57444419,0.38133177,0.30492287,12.19011405,12.27047743,1,1,210.24695064,1
886,0.50067779,0.61508953,0.59560299,0.35493416,0.32882438,11.98696052,12.09421681,1,1,210.24695064,1
887,0.48412021,0.59101933,0.60035214,0.39783253,0.33929581,12.15180016,12.21263137,1,1,210.24695064,1
888,0.48180807,0.59387828,0.5943387,0.43987588,0.32250989,12.22113238,12.34125875,1,1,210.24695064,1
889,0.4883299,0.58105252,0.60069628,0.47491486,0.34603949,11.59094243,11.59388435,1,1,210.24695064,1
890,0.48420285,0.55365671,0.59839295,0.43832695,0.36911869,11.8539139,11.90498564,1,1,210.24695064,1
891,0.48603306,0.56435981,0.57791024,0.47920279,0.39136011,11.98646752,12.07180675,1,1,210.24695064,1
892,0.49743987,0.55979172,0.56826679,0.43963042,0.41353263,11.9289821,12.04695345,1,1,210.24695064,1
893,0.4977932,0.55720051,0.56811153,0.40083781,0.43526194,11.89014913,11.97825367,1,1,210.24695064,1
894,0.47407977,0.56602249,0.56879298,0.44118204,0.41655671,11.9198303,11.97157593,1,1,210.24695064,1
895,0.48227061,0.55565835,0.56446374,0.40235868,0.41274387,11.83307839,11.91765879,1,1,210.24695064,1
896,0.48615863,0.53913784,0.57758646,0.36431176,0.394499,11.95671089,11.96695875,1,1,210.24695064,1
897,0.49081265,0.53768366,0.56764319,0.36721164,0.37660903,12.03916331,12.0556799,1,1,210.24695064,1
898,0.48300992,0.53731501,0.56008478,0.40986741,0.38074492,12.11264617,12.217204,1,1,210.24695064,1
899,0.47639898,0.54115454,0.57128764,0.45166975,0.40312158,12.20996804,12.21283848,1,1,210.24695064,1
900,0.47619423,0.54195363,0.57120638,0.47881408,0.39299868,11.85677229,11.89080476,1,1,210.24695064,1
901,0.43773343,0.5740615,0.59461341,0.43923861,0.40704832,11.72763181,11.79597258,1,1,210.24695064,1
902,0.45092731,0.56720897,0.57319762,0.48045383,0.42890726,12.03334259,12.04200542,1,1,210.24695064,1
903,0.46532388,0.56899159,0.57886802,0.44084475,0.41813442,12.17100572,12.26797768,1,1,210.24695064,1
904,0.46438065,0.5492311,0.57815716,0.46146262,0.43977173,11.80405265,11.82827975,1,1,210.24695064,1
905,0.46933466,0.55690231,0.57465542,0.42223337,0.42100125,12.18429273,12.18621029,1,1,210.24695064,1
906,0.47018743,0.55662194,0.57474349,0.46378862,0.40258201,11.64046282,11.75509769,1,1,210.24695064,1
907,0.45712372,0.60704186,0.58663492,0.42799705,0.42453011,11.99566249,12.10484889,1,1,210.24695064,1
908,0.45662205,0.59569457,0.57155289,0.38943711,0.44603518,12.07717312,12.15899991,1,1,210.24695064,1
909,0.47215485,0.57164728,0.58291992,0.36869955,0.42758847,11.87556879,11.98845679,1,1,210.24695064,1
910,0.47509748,0.56798416,0.58476358,0.40606219,0.40917853,12.275735,12.32081983,1,1,210.24695064,1
911,0.46666543,0.55080284,0.56251625,0.37277493,0.43096799,11.80635728,11.87390155,1,1,210.24695064,1
912,0.47243797,0.53578374,0.58875034,0.33532315,0.44988156,11.93483143,12.03277495,1,1,210.24695064,1
913,0.47365685,0.53619082,0.58889805,0.37861669,0.46335749,11.98093085,12.03512218,1,1,210.24695064,1
914,0.45590103,0.55715386,0.59729034,0.42104404,0.4441154,11.67301737,11.69647474,1,1,210.24695064,1
915,0.44124567,0.55719935,0.60396092,0.3827976,0.42523309,11.76950387,11.79762166,1,1,210.24695064,1
916,0.45206613,0.54623791,0.59860932,0.34514174,0.44672843,11.97693808,12.0676009,1,1,210.24695064,1
917,0.45665217,0.52207604,0.58453971,0.30823903,0.43013765,11.88015964,11.91685428,1,1,210.24695064,1
918,0.47724899,0.51978549,0.57227544,0.27207431,0.4115349,12.16530719,12.2615785,1,1,210.24695064,1
919,0.47727702,0.51775213,0.57263235,0.31650756,0.3933042,12.03923125,12.14965855,1,1,210.24695064,1
920,0.46794579,0.56533418,0.59072892,0.31958816,0.38419089,11.96816811,12.04453496,1,1,210.24695064,1
921,0.49848706,0.55073706,0.56861427,0.3631961,0.3665107,11.67643495,11.7531184,1,1,210.24695064,1
922,0.50325535,0.55978814,0.56693535,0.3274536,0.35873386,12.17056005,12.17122536,1,1,210.24695064,1
923,0.50354854,0.55688858,0.57951301,0.29092164,0.38145679,12.00757851,12.01128406,1,1,210.24695064,1
924,0.50424666,0.52705632,0.55202654,0.26279696,0.36382765,11.96863051,12.08475537,1,1,210.24695064,1
925,0.5040028,0.52827387,0.55201207,0.22754102,0.34681663,12.12405087,12.16562263,1,1,210.24695064,1
926,0.48312453,0.51673691,0.57974089,0.27290442,0.33044356,12.22383566,12.2653475,1,1,210.24695064,1
927,0.48274316,0.5138153,0.55336525,0.24425629,0.31386132,12.13092697,12.14311064,1,1,210.24695064,1
928,0.4828349,0.49802616,0.56508992,0.28886654,0.29758645,12.09797164,12.11891682,1,1,210.24695064,1
929,0.46595014,0.50121583,0.54252408,0.25308921,0.28163932,12.01306001,12.09246607,1,1,210.24695064,1
930,0.48364212,0.48579365,0.56523996,0.29802457,0.30584549,11.67220015,11.72033581,1,1,210.24695064,1
931,0.48402062,0.48599195,0.56517543,0.26223902,0.32972842,12.15003098,12.16511069,1,1,210.24695064,1
932,0.48769441,0.54840867,0.57593859,0.26993693,0.31313385,12.14362929,12.21695107,1,1,210.24695064,1
933,0.49634967,0.53132793,0.58977321,0.31453819,0.33643952,12.13742794,12.17382188,1,1,210.24695064,1
934,0.4875614,0.50878565,0.58539004,0.2783881,0.32529675,12.25212596,12.36389234,1,1,210.24695064,1
935,0.51604003,0.50000453,0.56405608,0.24322638,0.34730715,12.13190079,12.22738128,1,1,210.24695064,1
936,0.52505416,0.50263397,0.56976283,0.2141323,0.3703608,12.15499041,12.1887805,1,1,210.24695064,1
937,0.52488881,0.50079336,0.57007931,0.25984965,0.35295358,12.28256578,12.35739073,1,1,210.24695064,1
938,0.48769819,0.47817205,0.58197554,0.29689839,0.37586318,11.57583053,11.67137723,1,1,210.24695064,1
939,0.47920769,0.49048197,0.59220021,0.26096042,0.36795734,12.07926021,12.10663011,1,1,210.24695064,1
940,0.48015307,0.49224175,0.59382153,0.2258372,0.38983308,11.93912787,12.02179758,1,1,210.24695064,1
941,0.48159295,0.46464497,0.58286955,0.19183084,0.3720977,11.82425335,11.83064083,1,1,210.24695064,1
942,0.47941611,0.45817091,0.57616332,0.15799649,0.35571102,12.34791233,12.44755433,1,1,210.24695064,1
943,0.49135589,0.44854754,0.58972873,0.20481516,0.33860734,11.85341916,11.90969992,1,1,210.24695064,1
944,0.49154934,0.4662085,0.58275668,0.17074796,0.36183519,11.8227575,11.90610181,1,1,210.24695064,1
945,0.49135496,0.46672821,0.58271997,0.137333,0.35701098,12.18107308,12.18927737,1,1,210.24695064,1
946,0.54096282,0.50346745,0.59564181,0.18455557,0.37987003,12.33669666,12.34125494,1,1,210.24695064,1
947,0.52658023,0.49794366,0.57816183,0.15086471,0.40226291,12.10954713,12.20974268,1,1,210.24695064,1
948,0.53765743,0.51370292,0.54952541,0.11997088,0.38421765,12.0791828,12.15339447,1,1,210.24695064,1
949,0.53372011,0.53036852,0.51271024,0.16757132,0.36653332,11.88820182,11.90624207,1,1,210.24695064,1
950,0.54955602,0.51305299,0.5063633,0.13812387,0.38919293,12.2164219,12.33210116,1,1,210.24695064,1
951,0.54974059,0.51446859,0.50640848,0.18535612,0.37467328,12.11175504,12.16384935,1,1,210.24695064,1
952,0.54737769,0.50332782,0.50781446,0.15164913,0.35717982,11.8855973,11.92229478,1,1,210.24695064,1
953,0.52881564,0.47950681,0.53166533,0.19860485,0.34003623,11.97144127,12.07415748,1,1,210.24695064,1
954,0.51614512,0.47599021,0.53583482,0.2033317,0.32323551,12.05908724,12.1444406,1,1,210.24695064,1
955,0.53435457,0.48599371,0.52611703,0.16927558,0.30680831,11.7616741,11.84128623,1,1,210.24695064,1
956,0.52981222,0.47766173,0.52297387,0.21589006,0.29067215,12.25351126,12.30101313,1,1,210.24695064,1
957,0.52966792,0.47652092,0.52337557,0.24536312,0.3148555,11.852851,11.97008374,1,1,210.24695064,1
958,0.50331908,0.45943448,0.53301366,0.2419048,0.29855839,12.04497312,12.16345612,1,1,210.24695064,1
959,0.50706136,0.44574357,0.5347152,0.20706697,0.28258723,12.07519674,12.13558906,1,1,210.24695064,1
960,0.49605428,0.45048683,0.53637559,0.17743915,0.26699227,12.00039791,12.02127559,1,1,210.24695064,1
961,0.49174457,0.4468493,0.53528294,0.14389043,0.29165242,11.89263196,11.9503712,1,1,210.24695064,1
962,0.50228186,0.43776908,0.52304219,0.11992262,0.31516804,11.97448443,12.03464363,1,1,210.24695064,1
963,0.48217479,0.43770735,0.54042628,0.16752417,0.29887014,12.15083541,12.26566979,1,1,210.24695064,1
964,0.48267686,0.43806852,0.54077463,0.17930411,0.28295259,12.30169173,12.35689321,1,1,210.24695064,1
965,0.46512533,0.45755018,0.54911858,0.225718,0.26730323,12.00071894,12.08539394,1,1,210.24695064,1
966,0.46709877,0.4537419,0.54550567,0.26930234,0.25196702,12.16655072,12.27039824,1,1,210.24695064,1
967,0.47957695,0.4338717,0.55279604,0.31391628,0.23692768,12.18047671,12.19396676,1,1,210.24695064,1
968,0.48372352,0.43226139,0.55701509,0.35763795,0.22218913,11.99531602,12.05116077,1,1,210.24695064,1
969,0.46285524,0.41365487,0.53784333,0.3204852,0.24771286,11.88643578,11.97337432,1,1,210.24695064,1
970,0.49181981,0.40178542,0.5539448,0.2841734,0.2327586,12.12874153,12.13336058,1,1,210.24695064,1
971,0.49171072,0.40335809,0.55364796,0.24850448,0.2181293,11.99324876,12.06363854,1,1,210.24695064,1
972,0.54076328,0.41967409,0.5845551,0.29346546,0.23088339,12.02626237,12.0856726,1,1,210.24695064,1
973,0.55712372,0.43615023,0.57775484,0.30864934,0.21626573,11.80979956,11.82368691,1,1,210.24695064,1
974,0.54702441,0.44157595,0.57262587,0.35247635,0.22083339,12.2165326,12.33385892,1,1,210.24695064,1
975,0.52408378,0.45919151,0.56825846,0.31642318,0.24639373,11.79558201,11.81904148,1,1,210.24695064,1
976,0.5234964,0.4577394,0.5577028,0.35931603,0.27146541,11.98358911,12.09307778,1,1,210.24695064,1
977,0.52956141,0.467224,0.54511298,0.40212267,0.26575123,12.11050444,12.11676515,1,1,210.24695064,1
978,0.5294533,0.46724358,0.54511239,0.36408022,0.26236951,11.75142473,11.77380929,1,1,210.24695064,1
979,0.57311021,0.43223493,0.57629799,0.40658516,0.28712197,11.73196391,11.84910913,1,1,210.24695064,1
980,0.55044645,0.4321422,0.57348135,0.36845417,0.31137906,11.60218617,11.61119298,1,1,210.24695064,1
981,0.55630685,0.44303679,0.56070896,0.4110669,0.29515148,11.68194526,11.7179126,1,1,210.24695064,1
982,0.52940921,0.47610622,0.56116138,0.37291168,0.27936847,12.04930865,12.06071513,1,1,210.24695064,1
983,0.54530567,0.46229722,0.53850542,0.33545345,0.26378167,12.3749209,12.42003584,1,1,210.24695064,1
984,0.52077172,0.49181934,0.56459898,0.32759273,0.24850604,11.93839294,12.03231379,1,1,210.24695064,1
985,0.52175703,0.4928423,0.56427722,0.37103335,0.23403503,11.88841054,11.98899803,1,1,210.24695064,1
986,0.56791712,0.49247322,0.56485591,0.41361268,0.2593543,11.74475574,11.80365752,1,1,210.24695064,1
987,0.56329096,0.48063117,0.57615619,0.37534134,0.28326835,11.9562449,11.96308511,1,1,210.24695064,1
988,0.54754198,0.5113858,0.57362337,0.33783562,0.26760369,11.97810149,12.04990703,1,1,210.24695064,1
989,0.54159675,0.51623662,0.562193,0.3010825,0.25225166,12.37672023,12.41381328,1,1,210.24695064,1
990,0.52613973,0.51336965,0.58234361,0.26546268,0.27720662,11.87489803,11.96438679,1,1,210.24695064,1
991,0.53501978,0.50926113,0.58316146,0.31015338,0.26166334,11.97662563,12.0928068,1,1,210.24695064,1
992,0.53484642,0.50861643,0.58284059,0.29043407,0.24676669,12.27153888,12.28355562,1,1,210.24695064,1
993,0.58241595,0.47517625,0.58699258,0.25551563,0.23183359,12.05945342,12.16952985,1,1,210.24695064,1
994,0.55234246,0.47565335,0.58069319,0.30037465,0.21719692,12.16736325,12.25042241,1,1,210.24695064,1
995,0.56269549,0.47543187,0.56748254,0.3115898,0.20354195,11.66727712,11.72962616,1,1,210.24695064,1
996,0.53412628,0.49618498,0.55771007,0.35240545,0.18956432,11.76713669,11.85029358,1,1,210.24695064,1
997,0.52368608,0.49952621,0.54488027,0.31535746,0.21574372,12.16385734,12.25580891,1,1,210.24695064,1
998,0.52430902,0.49978578,0.54502656,0.29973875,0.20142885,12.45958328,12.47418491,1,1,210.24695064,1
999,0.49656758,0.496302,0.54648134,0.34374397,0.22739173,11.95959461,12.0768083,1,1,210.24695064,1
1000,0.50263815,0.48881241,0.56016549,0.30687126,0.2128439,12.1364874,12.24011067,1,1,210.24695064,1
1001,0.50456787,0.48464062,0.53859056,0.32496849,0.23858702,11.72386678,11.79250727,1,1,210.24695064,1
1002,0.51230837,0.47424832,0.53689136,0.28846912,0.22381528,11.8256973,11.86894415,1,1,210.24695064,1
1003,0.50854043,0.4847818,0.53538888,0.25269974,0.22049719,11.5784223,11.65881861,1,1,210.24695064,1
1004,0.50814173,0.48773782,0.53532612,0.29717362,0.22497006,12.06205983,12.11657028,1,1,210.24695064,1
1005,0.55636263,0.51605261,0.53519088,0.26123015,0.21299619,11.80773126,11.83956872,1,1,210.24695064,1
1006,0.55990038,0.50558232,0.53966808,0.22603837,0.23858457,12.0087518,12.11158256,1,1,210.24695064,1
1007,0.54109545,0.51490434,0.54814906,0.27151568,0.26381287,11.78027925,11.89434273,1,1,210.24695064,1
1008,0.56499588,0.53869297,0.54645105,0.23804379,0.28851418,11.98181429,12.02018302,1,1,210.24695064,1
1009,0.56534471,0.53822927,0.54620261,0.20328291,0.28815424,11.9865542,12.05683152,1,1,210.24695064,1
1010,0.58712143,0.48073616,0.57166914,0.24882246,0.31239111,12.00419567,12.02494721,1,1,210.24695064,1
1011,0.57590292,0.49746715,0.57465989,0.29382997,0.33614328,11.78514573,11.8604055,1,1,210.24695064,1
1012,0.55664131,0.51014069,0.56658952,0.2579755,0.35941345,11.87860977,11.94900195,1,1,210.24695064,1
1013,0.55489741,0.51634996,0.55688939,0.30127708,0.3433728,12.13451771,12.21311489,1,1,210.24695064,1
1014,0.5506731,0.51998486,0.5544156,0.3452515,0.36650479,12.19145276,12.2917851,1,1,210.24695064,1
1015,0.54238858,0.53112945,0.55095431,0.38273993,0.38816337,11.63421598,11.68547947,1,1,210.24695064,1
1016,0.54170897,0.53361152,0.55093818,0.42508513,0.37041426,11.60789952,11.63375366,1,1,210.24695064,1
1017,0.60871851,0.53345775,0.55893683,0.46658343,0.35300597,12.04064213,12.08551772,1,1,210.24695064,1
1018,0.60419362,0.55218682,0.55830104,0.4272522,0.36717663,12.06889373,12.15933335,1,1,210.24695064,1
1019,0.6036299,0.55799172,0.56258984,0.38875758,0.3898331,12.05335446,12.10441558,1,1,210.24695064,1
1020,0.59333791,0.57713608,0.54600172,0.41827556,0.41203576,11.65463491,11.65494441,1,1,210.24695064,1
1021,0.57321734,0.57210386,0.5550994,0.37991758,0.39379505,12.15960646,12.23454121,1,1,210.24695064,1
1022,0.57836067,0.58040782,0.56656046,0.42186227,0.41591915,11.90296376,11.92220297,1,1,210.24695064,1
1023,0.56301981,0.58320086,0.54576837,0.38546674,0.42700733,11.62334334,11.65788834,1,1,210.24695064,1
1024,0.56288503,0.58270601,0.54592146,0.42775632,0.44844465,12.16203604,12.21440939,1,1,210.24695064,1
1025,0.53669489,0.55171778,0.57624136,0.38920122,0.46945703,12.20391972,12.28778778,1,1,210.24695064,1
1026,0.53582775,0.54148148,0.56667265,0.43046295,0.49006789,12.32806027,12.42845476,1,1,210.24695064,1
1027,0.51565305,0.55651682,0.56553923,0.42926082,0.50916457,12.11407421,12.15697956,1,1,210.24695064,1
1028,0.50821697,0.54209408,0.56997881,0.39067583,0.48898684,12.10116169,12.12138893,1,1,210.24695064,1
1029,0.50293429,0.53545329,0.56405888,0.35286231,0.50920696,11.87028172,11.87362899,1,1,210.24695064,1
1030,0.50670089,0.54230552,0.5582937,0.39342654,0.49218979,12.16061981,12.16275621,1,1,210.24695064,1
1031,0.50735942,0.54718458,0.55865743,0.35558162,0.51232218,12.13535009,12.15675528,1,1,210.24695064,1
1032,0.5890233,0.58239384,0.57937752,0.31870771,0.49207703,12.16396686,12.18131594,1,1,210.24695064,1
1033,0.57264618,0.59958645,0.56026789,0.28237836,0.47901599,12.1223664,12.14591122,1,1,210.24695064,1
1034,0.58943305,0.58960184,0.57040676,0.32672841,0.46116075,11.67103018,11.73427035,1,1,210.24695064,1
1035,0.57805774,0.61849021,0.56187255,0.29039467,0.48190342,11.78579044,11.89972322,1,1,210.24695064,1
1036,0.58740281,0.60701756,0.56694139,0.25459876,0.46226537,11.96494181,12.0222052,1,1,210.24695064,1
1037,0.58062039,0.63390985,0.57086477,0.22017667,0.48044228,11.85317831,11.95342034,1,1,210.24695064,1
1038,0.57967407,0.63214773,0.5708317,0.26558161,0.50082825,12.17853285,12.2608972,1,1,210.24695064,1
1039,0.55244084,0.60721361,0.59597646,0.31026997,0.48081306,11.93895213,12.00064652,1,1,210.24695064,1
1040,0.52355054,0.59972585,0.59272396,0.3539375,0.49672327,12.16340855,12.27136118,1,1,210.24695064,1
1041,0.54113881,0.58888619,0.58434273,0.39502476,0.4767888,11.95027523,12.01136068,1,1,210.24695064,1
1042,0.52917349,0.59835379,0.58402847,0.38423696,0.49725256,11.73046612,11.76120702,1,1,210.24695064,1
1043,0.53355424,0.57755169,0.58511305,0.39511681,0.51730751,12.13785503,12.16920504,1,1,210.24695064,1
1044,0.51186927,0.57466331,0.58613284,0.43480515,0.53696129,12.24158154,12.30466439,1,1,210.24695064,1
1045,0.51657615,0.5679952,0.58653324,0.39825227,0.5162994,11.92562253,12.00694999,1,1,210.24695064,1
1046,0.50936458,0.55187124,0.58816988,0.36312026,0.49597356,12.03015355,12.07683264,1,1,210.24695064,1
1047,0.51890911,0.56440543,0.58902161,0.32585812,0.47605409,11.83697062,11.92991904,1,1,210.24695064,1
1048,0.51929198,0.56552734,0.58935956,0.29007519,0.49653288,11.87096686,11.98668922,1,1,210.24695064,1
1049,0.50333298,0.57289072,0.61518838,0.33331707,0.51660222,12.24339141,12.33738329,1,1,210.24695064,1
1050,0.49481853,0.55318709,0.60215223,0.29665151,0.49629194,11.5908274,11.60862388,1,1,210.24695064,1
1051,0.49441805,0.55236746,0.61030104,0.26072593,0.5163661,11.92294561,11.96090005,1,1,210.24695064,1
1052,0.49770261,0.55961489,0.59559058,0.22753537,0.535903,11.68070477,11.71004783,1,1,210.24695064,1
1053,0.48898422,0.54910606,0.60919613,0.27298465,0.55479103,12.17079795,12.20888802,1,1,210.24695064,1
1054,0.49127274,0.53031891,0.58358367,0.30086802,0.54458411,12.10201227,12.18012308,1,1,210.24695064,1
1055,0.50804678,0.52073409,0.61069087,0.34038915,0.52369266,11.93776838,11.99400262,1,1,210.24695064,1
1056,0.49916096,0.53134304,0.60978631,0.30358453,0.51700581,12.45576543,12.55968854,1,1,210.24695064,1
1057,0.49873446,0.52835368,0.60957769,0.30703843,0.49666573,12.27298608,12.33003384,1,1,210.24695064,1
1058,0.45208912,0.53216366,0.61422896,0.27089779,0.51593998,11.85990309,11.87567326,1,1,210.24695064,1
1059,0.45161424,0.52736059,0.60613762,0.29431766,0.49562124,11.86325541,11.97997938,1,1,210.24695064,1
1060,0.47799457,0.5287469,0.60973064,0.33843129,0.47570882,11.95397507,12.04605581,1,1,210.24695064,1
1061,0.46645267,0.51396129,0.61757616,0.30166271,0.49616154,11.98113731,12.04622193,1,1,210.24695064,1
1062,0.48545196,0.49065799,0.59331044,0.26563784,0.51623831,12.01809414,12.13226789,1,1,210.24695064,1
1063,0.48116778,0.4951485,0.59349906,0.23247035,0.53591353,11.87971671,11.91844248,1,1,210.24695064,1
1064,0.48162222,0.49512455,0.59341003,0.19784073,0.53019048,12.14187792,12.21181997,1,1,210.24695064,1
1065,0.51534107,0.56742127,0.60171509,0.24388392,0.50960813,12.02476285,12.12404313,1,1,210.24695064,1
1066,0.52283085,0.5734571,0.61616739,0.28900621,0.49072818,12.12515815,12.17739571,1,1,210.24695064,1
1067,0.55523322,0.55724402,0.60148973,0.25322752,0.51091362,12.02866802,12.04692561,1,1,210.24695064,1
1068,0.53602119,0.55311738,0.60002766,0.29815422,0.49069959,11.98702806,12.04265127,1,1,210.24695064,1
1069,0.56266236,0.56049909,0.56854003,0.34219041,0.4709027,12.08763658,12.15993671,1,1,210.24695064,1
1070,0.56331979,0.56491674,0.56855872,0.38523622,0.45148465,11.77852696,11.81497543,1,1,210.24695064,1
1071,0.55885377,0.53426819,0.58200747,0.34753152,0.43247272,12.04193272,12.12772463,1,1,210.24695064,1
1072,0.56468875,0.53455799,0.59388471,0.31060457,0.45379989,11.79586707,11.91157588,1,1,210.24695064,1
1073,0.54312409,0.53315357,0.59398112,0.34291383,0.47468195,11.92126503,12.01849016,1,1,210.24695064,1
1074,0.52801189,0.54109615,0.5894664,0.35205566,0.45518831,12.28490698,12.31426328,1,1,210.24695064,1
1075,0.5274631,0.55382138,0.57679862,0.31501556,0.43608454,12.27685383,12.38184332,1,1,210.24695064,1
1076,0.5256907,0.54960578,0.55518053,0.29781786,0.41882617,12.0676673,12.11609867,1,1,210.24695064,1
1077,0.52576235,0.55063648,0.55535503,0.26186151,0.43810727,11.91948451,11.97235916,1,1,210.24695064,1
1078,0.48897583,0.55403384,0.57913626,0.30662428,0.4197404,12.14922609,12.22416857,1,1,210.24695064,1
1079,0.4954839,0.54034409,0.56768245,0.3504912,0.4013689,12.07538612,12.14842237,1,1,210.24695064,1
1080,0.5085049,0.54328156,0.55182081,0.31366243,0.42333899,11.98138359,12.04634664,1,1,210.24695064,1
1081,0.50834672,0.5169093,0.55221368,0.27738925,0.40502459,11.81886789,11.88944142,1,1,210.24695064,1
1082,0.51367263,0.51090975,0.55132262,0.32184146,0.39014353,12.34606415,12.44380692,1,1,210.24695064,1
1083,0.51371654,0.51263942,0.55108304,0.36540459,0.412324,12.22502736,12.23104237,1,1,210.24695064,1
1084,0.47943403,0.5004707,0.55986774,0.32809654,0.39407816,11.97159422,12.07439261,1,1,210.24695064,1
1085,0.46653708,0.52392974,0.55747621,0.30326615,0.4161966,12.5750201,12.65144999,1,1,210.24695064,1
1086,0.47590347,0.50776651,0.55698529,0.28024914,0.42416881,11.93683157,11.97417034,1,1,210.24695064,1
1087,0.49631933,0.48620736,0.55782243,0.32464416,0.44224808,11.63641483,11.65369365,1,1,210.24695064,1
1088,0.49122328,0.502879,0.55330906,0.36815118,0.46311594,11.79658555,11.89464547,1,1,210.24695064,1
1089,0.49161901,0.50255574,0.55308748,0.33106435,0.44442927,12.22798375,12.3440334,1,1,210.24695064,1
1090,0.46658957,0.50350924,0.55764964,0.29813024,0.43218807,11.73898727,11.74362822,1,1,210.24695064,1
1091,0.45584078,0.50025199,0.56331503,0.26277424,0.43569341,11.79213577,11.84288051,1,1,210.24695064,1
1092,0.45926538,0.50690524,0.55715737,0.23211417,0.45599569,12.1411905,12.18227616,1,1,210.24695064,1
1093,0.47101027,0.48188436,0.56169191,0.19754414,0.47681276,11.83920612,11.95320655,1,1,210.24695064,1
1094,0.48379768,0.49738599,0.55015817,0.24359232,0.47607797,12.22898501,12.3002965,1,1,210.24695064,1
1095,0.47115893,0.47644314,0.55998722,0.20936008,0.45655686,12.0266336,12.07379085,1,1,210.24695064,1
1096,0.47170907,0.47331935,0.56024543,0.25428862,0.43754973,11.89603555,11.92723724,1,1,210.24695064,1
1097,0.48578606,0.55399031,0.56584189,0.29920262,0.41881239,11.53390901,11.55330132,1,1,210.24695064,1
1098,0.48913115,0.54614002,0.56902984,0.26328567,0.4404359,12.00709187,12.09025669,1,1,210.24695064,1
1099,0.51700384,0.54079779,0.54279271,0.29878228,0.4616146,11.87186221,11.9034091,1,1,210.24695064,1
1100,0.51330227,0.52492765,0.52848667,0.26296002,0.44238233,11.7583772,11.82402114,1,1,210.24695064,1
1101,0.51343869,0.52111789,0.52818968,0.22770082,0.46353468,12.36051753,12.48049009,1,1,210.24695064,1
1102,0.5807889,0.53958607,0.54981349,0.2731468,0.48426373,11.99912187,12.11459295,1,1,210.24695064,1
1103,0.57320033,0.53038966,0.55211659,0.23768388,0.50387965,12.18013714,12.2286827,1,1,210.24695064,1
1104,0.5713537,0.54317865,0.53820387,0.27654665,0.49108418,11.73822317,11.74733504,1,1,210.24695064,1
1105,0.56254792,0.57078995,0.55756667,0.24102839,0.5112511,12.44740397,12.56848439,1,1,210.24695064,1
1106,0.56467166,0.56208398,0.54300694,0.20620789,0.49102608,12.23379674,12.35594952,1,1,210.24695064,1
1107,0.55341968,0.58566314,0.55582027,0.22931808,0.48016916,12.16602882,12.25668187,1,1,210.24695064,1
1108,0.54001852,0.57110226,0.55275444,0.264213,0.49180011,12.03175663,12.15154854,1,1,210.24695064,1
1109,0.5519664,0.59029816,0.53131783,0.30892867,0.49568095,12.0257589,12.08705433,1,1,210.24695064,1
1110,0.55157092,0.58978091,0.53114078,0.35274927,0.47577356,12.18189283,12.27933069,1,1,210.24695064,1
1111,0.54605117,0.56629969,0.53868218,0.39569195,0.4778552,12.03648143,12.151547,1,1,210.24695064,1
1112,0.51915809,0.58617369,0.54848143,0.35781929,0.49829808,12.05379281,12.11196652,1,1,210.24695064,1
1113,0.51392593,0.56670495,0.55468358,0.39937442,0.51833212,12.26336924,12.38245722,1,1,210.24695064,1
1114,0.52882836,0.56830112,0.54590557,0.44107755,0.49909033,12.234916,12.30886463,1,1,210.24695064,1
1115,0.52282753,0.53899576,0.54384506,0.482256,0.48033321,12.02216104,12.101367,1,1,210.24695064,1
1116,0.51044141,0.55013643,0.55595871,0.52261085,0.46344464,12.02152657,12.02183971,1,1,210.24695064,1
1117,0.51869771,0.54544762,0.54008025,0.56215502,0.44417631,12.1045857,12.21448772,1,1,210.24695064,1
1118,0.51987406,0.54929184,0.54006565,0.52567267,0.46504571,11.73601594,11.82973879,1,1,210.24695064,1
1119,0.51290426,0.52205822,0.56445126,0.48746085,0.4857246,12.25788038,12.30047525,1,1,210.24695064,1
1120,0.51561224,0.51829111,0.55542086,0.45003536,0.49464975,11.86537677,11.97820276,1,1,210.24695064,1
1121,0.48152618,0.51948082,0.54692966,0.41405038,0.51475622,12.1251565,12.12567837,1,1,210.24695064,1
1122,0.47375215,0.52310679,0.54783775,0.44111138,0.5344611,12.08611527,12.0978257,1,1,210.24695064,1
1123,0.49024266,0.51768786,0.53973747,0.40228969,0.51444789,12.03294245,12.08783526,1,1,210.24695064,1
1124,0.49076553,0.51912516,0.53950304,0.36430361,0.49415999,12.10490917,12.18106088,1,1,210.24695064,1
1125,0.4554778,0.53276857,0.56203263,0.32711965,0.50250507,12.15635526,12.19657749,1,1,210.24695064,1
1126,0.45204486,0.53082535,0.5610064,0.30914571,0.48944499,12.09143714,12.15643602,1,1,210.24695064,1
1127,0.45291812,0.5069265,0.56639404,0.2729628,0.46975215,11.75083545,11.76582105,1,1,210.24695064,1
1128,0.47633763,0.52003042,0.55820386,0.30834877,0.45035711,11.48447925,11.52219174,1,1,210.24695064,1
1129,0.46514074,0.50118276,0.56022147,0.27718689,0.4713078,12.00411145,12.00547305,1,1,210.24695064,1
1130,0.48488078,0.48779068,0.56125992,0.32135997,0.49188107,12.15436224,12.26014941,1,1,210.24695064,1
1131,0.49519092,0.4866617,0.53571599,0.36493221,0.50108544,11.80609445,11.89968298,1,1,210.24695064,1
1132,0.49589553,0.48750467,0.53532534,0.32763357,0.49696389,12.09895227,12.12558774,1,1,210.24695064,1
1133,0.53351174,0.47584028,0.55265037,0.2910809,0.51698927,12.16992188,12.17558071,1,1,210.24695064,1
1134,0.52722385,0.47322096,0.54506595,0.2562371,0.49664948,12.06060116,12.16267596,1,1,210.24695064,1
1135,0.5275093,0.48163735,0.53811921,0.22893436,0.51671602,11.79235932,11.79738426,1,1,210.24695064,1
1136,0.5185162,0.50313112,0.53716884,0.19435568,0.4963817,11.9800078,12.09448635,1,1,210.24695064,1
1137,0.504362,0.51901931,0.55182757,0.16075182,0.51596257,12.17120469,12.22805181,1,1,210.24695064,1
1138,0.49233315,0.52493474,0.52991726,0.12753688,0.49564333,12.01975889,12.07156222,1,1,210.24695064,1
1139,0.49218539,0.52768476,0.52990078,0.17195996,0.47573048,11.82657649,11.88685357,1,1,210.24695064,1
1140,0.55348955,0.58806705,0.55855851,0.13852396,0.49323035,12.39352113,12.46714561,1,1,210.24695064,1
1141,0.54387408,0.59379822,0.54071021,0.18573407,0.50716012,11.69481484,11.80921242,1,1,210.24695064,1
1142,0.54981133,0.57377778,0.52287723,0.17674416,0.51351814,11.94427751,11.95994735,1,1,210.24695064,1
1143,0.53712487,0.59053035,0.52712476,0.20339316,0.49325291,11.79779085,11.80986961,1,1,210.24695064,1
1144,0.55461666,0.5878351,0.52133494,0.24930133,0.47338798,11.78641749,11.85503903,1,1,210.24695064,1
1145,0.55415657,0.58644788,0.52159322,0.2943153,0.45460276,12.26694196,12.32185961,1,1,210.24695064,1
1146,0.54233914,0.56490722,0.54608353,0.33841109,0.43551094,12.46272198,12.49832197,1,1,210.24695064,1
1147,0.5400195,0.57421941,0.54852351,0.30164288,0.41680151,11.47263508,11.56993033,1,1,210.24695064,1
1148,0.52505616,0.5622549,0.53065527,0.29784911,0.43846433,11.49292798,11.59523562,1,1,210.24695064,1
1149,0.53729167,0.54524117,0.54918578,0.26362787,0.4197026,12.00249667,12.11591377,1,1,210.24695064,1
1150,0.52280099,0.54898339,0.54194034,0.22835552,0.44109369,11.834344,11.86489451,1,1,210.24695064,1
1151,0.50508321,0.54519686,0.53169989,0.2737884,0.46211524,11.71987263,11.76810457,1,1,210.24695064,1
1152,0.52394357,0.52115871,0.53213929,0.23831279,0.44287294,11.87228572,11.97487482,1,1,210.24695064,1
1153,0.52478627,0.53328045,0.53393182,0.20354782,0.46401548,11.69099194,11.80389478,1,1,210.24695064,1
1154,0.52380362,0.53185201,0.53397144,0.23931399,0.48473479,11.58799353,11.62439904,1,1,210.24695064,1
1155,0.51330997,0.50502638,0.55096921,0.20452771,0.46581655,12.0124447,12.11924998,1,1,210.24695064,1
1156,0.50029239,0.52544198,0.55700075,0.25043706,0.44650028,12.26402319,12.29774633,1,1,210.24695064,1
1157,0.51063702,0.517196,0.54366277,0.29542832,0.46756855,11.85422458,11.87843169,1,1,210.24695064,1
1158,0.48690177,0.51195183,0.55319359,0.25955953,0.48821437,12.21231798,12.32281883,1,1,210.24695064,1
1159,0.49509752,0.49753968,0.53439405,0.22436873,0.46845008,11.9165451,11.91892159,1,1,210.24695064,1
1160,0.49663109,0.49805764,0.53537868,0.2589818,0.48906996,12.13876084,12.22358083,1,1,210.24695064,1
1161,0.49193348,0.4793729,0.5380885,0.30380214,0.46929267,11.94136882,11.98497194,1,1,210.24695064,1
1162,0.49198894,0.4778408,0.53765738,0.2677261,0.45019886,11.92917515,12.03159571,1,1,210.24695064,1
1163,0.46564699,0.46842244,0.56143494,0.23250726,0.47113201,12.26300169,12.275821,1,1,210.24695064,1
1164,0.47794867,0.46599166,0.5341998,0.27785705,0.45201516,12.14304951,12.20872132,1,1,210.24695064,1
1165,0.47044054,0.44712017,0.5438935,0.32229991,0.4376631,11.82562004,11.94098081,1,1,210.24695064,1
1166,0.48058186,0.46107473,0.54175011,0.2921556,0.42495336,12.20227521,12.27606077,1,1,210.24695064,1
1167,0.47449194,0.44388995,0.52130915,0.25631253,0.40768908,12.01703985,12.10286302,1,1,210.24695064,1
1168,0.47437979,0.44295983,0.5208804,0.30118625,0.42950603,12.35247069,12.3981252,1,1,210.24695064,1
1169,0.52127564,0.51438969,0.54020164,0.26705782,0.4509035,12.04601309,12.15321146,1,1,210.24695064,1
1170,0.50779712,0.51278836,0.5240229,0.29701694,0.43188543,12.03448485,12.06298449,1,1,210.24695064,1
1171,0.53122092,0.50801375,0.54637183,0.26108019,0.41324772,11.49957808,11.51491221,1,1,210.24695064,1
1172,0.52529031,0.49657059,0.54753963,0.30585456,0.43498276,12.13102756,12.17107167,1,1,210.24695064,1
1173,0.54687962,0.50716253,0.53969322,0.34612255,0.41662071,12.46256949,12.48065195,1,1,210.24695064,1
1174,0.54593508,0.50798139,0.53945838,0.30920223,0.40309967,12.21005626,12.32926836,1,1,210.24695064,1
1175,0.52726229,0.48303432,0.56031162,0.27359079,0.38503768,12.00567321,12.11872797,1,1,210.24695064,1
1176,0.53436795,0.46876938,0.55766505,0.23852895,0.36750556,11.97224539,12.06043049,1,1,210.24695064,1
1177,0.52868968,0.47735004,0.55323815,0.28375244,0.35039293,11.75337471,11.76593713,1,1,210.24695064,1
1178,0.52392957,0.46841877,0.55362441,0.2480774,0.3425287,12.18186911,12.27272648,1,1,210.24695064,1
1179,0.51798215,0.48159286,0.55312815,0.21342227,0.32567852,12.14741489,12.1886247,1,1,210.24695064,1
1180,0.51824536,0.47896868,0.552928,0.33242904,0.27314537,12.08111723,12.12609192,1,1,210.24695064,0
1181,0.62054196,0.58419518,0.51625837,0.40242671,0.21743544,11.87236271,11.98946266,1,1,210.24695064,0
1182,0.61257342,0.63087211,0.46265236,0.51087201,0.1595231,11.71975981,11.72012205,1,1,210.24695064,0
1183,0.63963925,0.73158112,0.39935618,0.63065456,0.21913909,12.16105611,12.1760439,1,1,210.24695064,0
1184,0.68116669,0.79017464,0.3484371,0.71895265,0.23245444,12.19114047,12.19530943,1,1,210.24695064,0
1185,0.68482997,0.8467119,0.29989128,0.83456898,0.28803405,11.74651304,11.79166831,1,1,210.24695064,0
1186,0.68500596,0.84858228,0.2999808,0.74958502,0.34134267,11.93707887,11.96299796,1,1,210.24695064,0
1187,0.60676356,0.79216546,0.32899438,0.86459332,0.27635131,12.02923751,12.0735255,1,1,210.24695064,0
1188,0.58104203,0.72725732,0.36973056,0.81060435,0.20905993,11.99828526,12.03676661,1,1,210.24695064,0
1189,0.54321212,0.64340259,0.41415096,0.68439226,0.14288774,11.94369096,12.06105191,1,1,210.24695064,0
1190,0.51614201,0.52408673,0.45780303,0.56070446,0.19821939,12.26822976,12.30610833,1,1,210.24695064,0
1191,0.44228344,0.40484857,0.51799807,0.6794902,0.25700527,11.52607342,11.587739,1,1,210.24695064,0
1192,0.40601678,0.31704169,0.56635681,0.7309706,0.30911192,11.76123963,11.80340449,1,1,210.24695064,0
1193,0.36444586,0.22509824,0.58950634,0.84635079,0.24459049,12.29186285,12.37963236,1,1,210.24695064,0
1194,0.35505021,0.16517683,0.60515383,0.80266852,0.2297083,11.72553634,11.73129325,1,1,210.24695064,1
1195,0.33671175,0.13308699,0.64050312,0.83661515,0.21516876,11.82582386,11.92955299,1,1,210.24695064,1
1196,0.33704421,0.13435509,0.64013458,0.79014029,0.2008654,12.05995482,12.12333972,1,1,210.24695064,1
1197,0.3830276,0.17233592,0.66850384,0.82433676,0.18684809,11.93588475,11.97641989,1,1,210.24695064,1
1198,0.38788391,0.179313,0.64786347,0.85784614,0.21311113,11.98215807,12.07528814,1,1,210.24695064,1
1199,0.39433202,0.18554459,0.66229136,0.87389156,0.21725427,12.05661708,12.06938721,1,1,210.24695064,1
1200,0.40003787,0.19304507,0.6638819,0.82641446,0.20550124,11.73688115,11.78930617,1,1,210.24695064,1
1201,0.40624199,0.19841424,0.66612353,0.85985941,0.23137739,12.23793074,12.3135424,1,1,210.24695064,1
1202,0.42649251,0.21012173,0.65364382,0.88244106,0.21881244,12.16800799,12.26537549,1,1,210.24695064,1
1203,0.43458078,0.21960083,0.65417239,0.83479224,0.20443619,11.97005463,12.04884184,1,1,210.24695064,1
1204,0.43004534,0.21720093,0.63829957,0.86809619,0.23034747,11.9210082,11.93075661,1,1,210.24695064,1
1205,0.42485646,0.21960976,0.63407663,0.82073427,0.2459092,12.05220984,12.14100689,1,1,210.24695064,1
1206,0.4357346,0.22071731,0.64145086,0.82798064,0.23106856,12.10834908,12.12992755,1,1,210.24695064,1
1207,0.43575425,0.22052742,0.64160984,0.78142105,0.25644719,12.15648225,12.26574432,1,1,210.24695064,1
1208,0.47245214,0.25199821,0.66401805,0.73695221,0.24131827,11.54558108,11.61383727,1,1,210.24695064,1
1209,0.4788928,0.25952042,0.65292123,0.77120304,0.22649191,12.15998896,12.19007508,1,1,210.24695064,1
1210,0.49340946,0.26398594,0.67228607,0.80575294,0.25196206,12.14723021,12.2654431,1,1,210.24695064,1
1211,0.48381003,0.2758695,0.63767566,0.78348471,0.27662059,12.15347462,12.1581931,1,1,210.24695064,1
1212,0.49995194,0.27806806,0.65112427,0.73781502,0.26108821,12.12714049,12.21907182,1,1,210.24695064,1
1213,0.50373733,0.28740902,0.63332444,0.69689275,0.27426607,12.07926102,12.13313966,1,1,210.24695064,1
1214,0.49922062,0.30140538,0.63263965,0.73285635,0.28233404,11.92310952,11.94706362,1,1,210.24695064,1
1215,0.4912335,0.31026122,0.62740238,0.68819922,0.30667228,12.14246342,12.24744789,1,1,210.24695064,1
1216,0.50803673,0.30961926,0.64618586,0.64443524,0.33052573,11.96548335,12.00694156,1,1,210.24695064,1
1217,0.50793696,0.31209599,0.6460065,0.60156738,0.31391583,11.93187049,11.96011593,1,1,210.24695064,1
1218,0.59887325,0.32791372,0.6694487,0.55959008,0.33763746,12.08161508,12.16456296,1,1,210.24695064,1
1219,0.57414234,0.33715912,0.6735722,0.59839828,0.36088471,11.98558633,12.10525846,1,1,210.24695064,1
1220,0.5878217,0.3470527,0.67184743,0.63643028,0.34366707,11.83436594,11.89954079,1,1,210.24695064,1
1221,0.5720216,0.36218807,0.63681525,0.59370432,0.32761199,11.99665401,12.07518417,1,1,210.24695064,1
1222,0.58122534,0.36889254,0.65499762,0.55183023,0.31106455,12.14708827,12.26218912,1,1,210.24695064,1
1223,0.56338004,0.37369235,0.63090425,0.51088757,0.29484695,12.06214433,12.08554371,1,1,210.24695064,1
1224,0.55579594,0.37244656,0.63275343,0.47066982,0.28499555,12.47818302,12.51408162,1,1,210.24695064,1
1225,0.55642484,0.36916004,0.63285307,0.43125643,0.26929578,12.50674785,12.51409106,1,1,210.24695064,1
1226,0.61565536,0.34336365,0.64384782,0.47225709,0.29390986,11.94892433,12.06054587,1,1,210.24695064,1
1227,0.62759301,0.36072189,0.66260243,0.51278567,0.29043303,11.88921123,11.95967424,1,1,210.24695064,1
1228,0.59641691,0.36396385,0.62551543,0.47299942,0.27469869,12.28318315,12.36115686,1,1,210.24695064,1
1229,0.58365443,0.38332799,0.64836211,0.51353943,0.25942676,12.04730341,12.12923962,1,1,210.24695064,1
1230,0.57536912,0.39438371,0.62863217,0.55326637,0.28423821,11.88215796,11.95359605,1,1,210.24695064,1
1231,0.57872219,0.40968281,0.64320268,0.59219053,0.26855345,12.28416714,12.32607433,1,1,210.24695064,1
1232,0.57291298,0.39940151,0.63192613,0.55034781,0.26123505,11.79680665,11.81023211,1,1,210.24695064,1
1233,0.5740603,0.39886247,0.63179554,0.58531382,0.24601035,12.00140366,12.0233888,1,1,210.24695064,1
1234,0.62322043,0.38179328,0.65178126,0.62360576,0.27109014,12.21867257,12.3188647,1,1,210.24695064,1
1235,0.59136775,0.39023142,0.63629399,0.66081479,0.26923513,12.08535935,12.14209105,1,1,210.24695064,1
1236,0.61092913,0.40649046,0.62717395,0.61903195,0.25385241,12.07690137,12.11342699,1,1,210.24695064,1
1237,0.58246602,0.42027787,0.6570637,0.65665131,0.23877974,12.08669665,12.15155608,1,1,210.24695064,1
1238,0.5590535,0.41362349,0.64236851,0.61351832,0.22415949,12.01899409,12.13327702,1,1,210.24695064,1
1239,0.57046157,0.42853871,0.61838984,0.64894475,0.24967543,11.81542582,11.90808751,1,1,210.24695064,1
1240,0.57224196,0.43711027,0.6489596,0.60607514,0.23468224,11.80717116,11.81291314,1,1,210.24695064,1
1241,0.57263854,0.43863514,0.64851334,0.61028711,0.2599861,11.64767166,11.69277819,1,1,210.24695064,1
1242,0.60292145,0.37660311,0.65877794,0.64808137,0.28478638,11.95008664,11.98350542,1,1,210.24695064,1
1243,0.60700458,0.3953608,0.66494012,0.68510998,0.2919036,12.18107609,12.18831329,1,1,210.24695064,1
1244,0.58995287,0.40184613,0.65266198,0.64482512,0.27641686,12.24902636,12.33138377,1,1,210.24695064,1
1245,0.5766134,0.41225909,0.66921635,0.68192862,0.30008067,11.68526644,11.77862679,1,1,210.24695064,1
1246,0.5555729,0.41193814,0.6310581,0.64098515,0.2840792,12.07081264,12.07619102,1,1,210.24695064,1
1247,0.55203553,0.42515475,0.64205621,0.59816667,0.26839762,12.16184164,12.26330005,1,1,210.24695064,1
1248,0.54656995,0.43551755,0.65447236,0.55625611,0.27892619,12.00856527,12.02934001,1,1,210.24695064,1
1249,0.54675856,0.43482922,0.65399506,0.58677387,0.26334777,11.99668867,12.00151915,1,1,210.24695064,1
1250,0.51649337,0.40977813,0.66821876,0.60709294,0.28806544,11.84759894,11.91701283,1,1,210.24695064,1
1251,0.51617714,0.41371748,0.65266265,0.56495108,0.2723042,11.68053392,11.77146118,1,1,210.24695064,1
1252,0.51524949,0.40675779,0.65462174,0.59945079,0.29685809,12.19397069,12.21173559,1,1,210.24695064,1
1253,0.52634646,0.4104057,0.64138541,0.63694355,0.30134043,12.01603239,12.10486321,1,1,210.24695064,1
1254,0.51187681,0.3891398,0.6687948,0.59420503,0.32528012,11.89815141,11.94612227,1,1,210.24695064,1
1255,0.50955399,0.39715183,0.66328868,0.63139739,0.34877221,11.63341838,11.6845088,1,1,210.24695064,1
1256,0.50862015,0.3998065,0.66305891,0.66866783,0.33179677,11.80659436,11.86989364,1,1,210.24695064,1
1257,0.58643291,0.3960771,0.6978956,0.62803022,0.32116869,11.80184161,11.88834062,1,1,210.24695064,1
1258,0.55844323,0.40907831,0.65637572,0.58567872,0.30474549,12.03328696,12.04989748,1,1,210.24695064,1
1259,0.56967308,0.42733599,0.68373207,0.54396518,0.28866043,12.12088374,12.23013899,1,1,210.24695064,1
1260,0.55181193,0.44205087,0.65970417,0.5033616,0.27288722,12.14277768,12.15783138,1,1,210.24695064,1
1261,0.55613723,0.43507504,0.65061629,0.47570772,0.28919545,11.54304653,11.55934721,1,1,210.24695064,1
1262,0.53187014,0.43947465,0.67185088,0.51619356,0.30513755,12.1168272,12.16824097,1,1,210.24695064,1
1263,0.53847764,0.45104551,0.63719698,0.55586969,0.2890348,11.82182016,11.83183428,1,1,210.24695064,1
1264,0.53875281,0.45191588,0.63712959,0.59329072,0.27325727,12.19980849,12.20046561,1,1,210.24695064,1
1265,0.61088672,0.43682303,0.66629251,0.63142491,0.26567776,11.99182639,12.08421789,1,1,210.24695064,1
1266,0.6022096,0.4440491,0.64080014,0.66879641,0.29036291,12.20816222,12.25589679,1,1,210.24695064,1
1267,0.58748814,0.47180573,0.63917676,0.64107784,0.31455283,11.99766131,11.99904845,1,1,210.24695064,1
1268,0.57642132,0.46137395,0.64497407,0.67825628,0.33824397,11.8187363,11.84502635,1,1,210.24695064,1
1269,0.55425761,0.47965866,0.63055674,0.71426217,0.36147695,12.11171629,12.1205078,1,1,210.24695064,1
1270,0.57261484,0.49411075,0.62435338,0.74997659,0.34754433,12.130364,12.13441469,1,1,210.24695064,1
1271,0.55166412,0.50760871,0.63553949,0.71987577,0.33059344,12.05652663,12.14283604,1,1,210.24695064,1
1272,0.55160557,0.50588047,0.63539267,0.75547825,0.35398129,11.85683284,11.93546461,1,1,210.24695064,1
1273,0.51651149,0.46304086,0.65134852,0.72637998,0.33690997,12.02182413,12.11009252,1,1,210.24695064,1
1274,0.51446014,0.47040146,0.65998176,0.72473634,0.35831145,12.21347428,12.29783999,1,1,210.24695064,1
1275,0.51251478,0.45098504,0.66080171,0.68024161,0.37315578,11.56189351,11.65618167,1,1,210.24695064,1
1276,0.49195407,0.45384012,0.64447314,0.63704584,0.35807363,11.76608727,11.81905694,1,1,210.24695064,1
1277,0.49433907,0.45861412,0.62803985,0.67430449,0.34106876,12.19698753,12.26459816,1,1,210.24695064,1
1278,0.51278322,0.45022993,0.63633968,0.6308184,0.3242656,12.00923272,12.07312345,1,1,210.24695064,1
1279,0.51302768,0.4491291,0.63637987,0.66820203,0.34771375,11.94131469,11.98767082,1,1,210.24695064,1
1280,0.58793636,0.45695451,0.63933834,0.67752787,0.37075947,11.84420826,11.88501461,1,1,210.24695064,1
1281,0.58044349,0.46437151,0.66066628,0.67532841,0.3533556,11.7866798,11.7978165,1,1,210.24695064,1
1282,0.56204885,0.4812764,0.65717913,0.71180246,0.33630261,12.03394947,12.13120349,1,1,210.24695064,1
1283,0.56623083,0.49987189,0.63931873,0.66756641,0.31957656,11.76877501,11.88603813,1,1,210.24695064,1
1284,0.55643883,0.50222537,0.64975265,0.67107857,0.30339653,11.87380486,11.89167597,1,1,210.24695064,1
1285,0.54395955,0.49548935,0.65184526,0.69766491,0.28750969,12.02046944,12.04208379,1,1,210.24695064,1
1286,0.56039832,0.52385264,0.62413348,0.73356733,0.31175603,11.97534304,12.08639006,1,1,210.24695064,1
1287,0.56062319,0.52380044,0.62416264,0.69002981,0.33551627,11.73027144,11.73736613,1,1,210.24695064,1
1288,0.60921593,0.46743988,0.62736858,0.72622918,0.31892939,12.03305175,12.06301531,1,1,210.24695064,1
1289,0.5694573,0.46839657,0.64907773,0.68196134,0.30257263,11.76600801,11.77457258,1,1,210.24695064,1
1290,0.58521207,0.47435419,0.61997151,0.63843985,0.32045726,11.90700541,11.92838778,1,1,210.24695064,1
1291,0.57129915,0.49000457,0.63074152,0.59567106,0.33487801,12.01553257,12.05809739,1,1,210.24695064,1
1292,0.56096041,0.50549225,0.60562718,0.55375764,0.35818034,12.17069714,12.22802863,1,1,210.24695064,1
1293,0.53587789,0.49702814,0.6145414,0.5126827,0.34353108,12.11159743,12.12542349,1,1,210.24695064,1
1294,0.53587828,0.49374299,0.61423463,0.54757212,0.3266639,12.14007444,12.16096687,1,1,210.24695064,1
1295,0.48532452,0.50322398,0.62240427,0.50662068,0.3501269,11.89512053,11.99047007,1,1,210.24695064,1
1296,0.51537135,0.49134088,0.64457057,0.54647244,0.36196961,12.13527084,12.22405298,1,1,210.24695064,1
1297,0.51315837,0.47795679,0.63389099,0.58450312,0.38473022,11.73406219,11.8117987,1,1,210.24695064,1
1298,0.51241522,0.46987098,0.62037814,0.62269146,0.40702579,12.51759652,12.5723221,1,1,210.24695064,1
1299,0.50469913,0.46897727,0.62502631,0.65266128,0.38888706,12.08554092,12.15618125,1,1,210.24695064,1
1300,0.50544451,0.45684762,0.61706544,0.68924577,0.37337529,11.84950225,11.8969121,1,1,210.24695064,1
1301,0.51497769,0.46101349,0.5950993,0.64571211,0.35590779,11.8122868,11.89773398,1,1,210.24695064,1
1302,0.51530191,0.45898838,0.59490203,0.67685368,0.33880153,12.02426309,12.04066746,1,1,210.24695064,1
1303,0.58529962,0.48807538,0.60026936,0.63331683,0.36202527,12.10372445,12.13872521,1,1,210.24695064,1
1304,0.58846016,0.4940334,0.6172667,0.59065055,0.38471009,12.06926838,12.18458201,1,1,210.24695064,1
1305,0.57523784,0.50428853,0.60543836,0.54883826,0.36701607,12.12255322,12.18078326,1,1,210.24695064,1
1306,0.58875373,0.49402538,0.61025703,0.4278615,0.42603876,11.88881593,11.90449321,1,1,210.24695064,0
1307,0.55663553,0.50947001,0.61270682,0.30930427,0.36748153,11.99361545,12.04202089,1,1,210.24695064,0
1308,0.55869273,0.51619274,0.58747104,0.43311799,0.41532817,11.99451806,12.07293629,1,1,210.24695064,0
1309,0.55849233,0.51464416,0.58736681,0.31480576,0.35669436,11.96820235,12.02533041,1,1,210.24695064,0
1310,0.63464057,0.6053008,0.5542335,0.38626302,0.30386677,12.15257052,12.23764929,1,1,210.24695064,0
1311,0.61157145,0.67496982,0.53549145,0.50853755,0.35443936,11.86080634,11.94246548,1,1,210.24695064,0
1312,0.61151281,0.7545275,0.47476501,0.42393612,0.41374451,11.91043174,11.92630226,1,1,210.24695064,0
1313,0.60548698,0.8428352,0.41229119,0.30983956,0.47495743,11.7704288,11.8703996,1,1,210.24695064,0
1314,0.60901818,0.89712573,0.37673016,0.43364252,0.49989041,11.71661323,11.76304079,1,1,210.24695064,0
1315,0.61973286,0.93379176,0.35931671,0.31496969,0.5607039,12.08052807,12.10434807,1,1,210.24695064,0
1316,0.61990233,0.93208353,0.35977312,0.4386703,0.53222281,12.0166777,12.0736683,1,1,210.24695064,0
1317,0.57133123,0.85578569,0.4066283,0.31989838,0.5934494,11.82825388,11.8666098,1,1,210.24695064,0
1318,0.54501637,0.80115906,0.42151486,0.21875915,0.65692621,11.99901187,12.05609751,1,1,210.24695064,0
1319,0.51848953,0.72429661,0.47767311,0.34390017,0.72255103,11.86948699,11.96831862,1,1,210.24695064,0
1320,0.48997613,0.63247047,0.50782314,0.39189297,0.66567303,12.24362012,12.32337363,1,1,210.24695064,0
1321,0.46566953,0.54475167,0.56989728,0.51103188,0.60783581,12.28892504,12.32527256,1,1,210.24695064,0
1322,0.44414473,0.49829727,0.57697326,0.39081124,0.54901743,11.98164814,12.01563988,1,1,210.24695064,0
1323,0.43216681,0.44910676,0.59510157,0.51299502,0.49159307,12.19665478,12.27920131,1,1,210.24695064,0
1324,0.43247521,0.44955723,0.59489823,0.63273509,0.43133428,12.03513491,12.07546516,1,1,210.24695064,0
1325,0.4678023,0.50248639,0.54949163,0.53531254,0.38640333,11.93806482,11.97819624,1,1,210.24695064,0
1326,0.43699919,0.577184,0.47690882,0.64180151,0.32627432,11.75819477,11.86492633,1,1,210.24695064,0
1327,0.40338986,0.66224376,0.39144177,0.51896553,0.263887,12.17136635,12.19214989,1,1,210.24695064,0
1328,0.37928336,0.70344632,0.33282216,0.61956731,0.32308052,11.56606084,11.58485294,1,1,210.24695064,0
1329,0.37797004,0.77975642,0.29112317,0.73717596,0.26068918,11.97180193,12.07151624,1,1,210.24695064,0
1330,0.37785411,0.78366696,0.29089152,0.69288156,0.25086213,12.00077176,12.08001282,1,1,210.24695064,1
1331,0.35128118,0.83806907,0.30523922,0.64932142,0.27584463,12.2094888,12.30402882,1,1,210.24695064,1
1332,0.37050466,0.83057825,0.30163676,0.68633205,0.30032773,11.83032887,11.84975873,1,1,210.24695064,1
1333,0.37903735,0.80519638,0.30106678,0.72214957,0.32432116,11.82404655,11.89020394,1,1,210.24695064,1
1334,0.38624557,0.80241012,0.30339092,0.75770106,0.34783306,11.8455756,11.88370261,1,1,210.24695064,1
1335,0.39904163,0.79116947,0.30785193,0.71254969,0.36468044,11.96986936,11.99350133,1,1,210.24695064,1
1336,0.40331259,0.80909404,0.32749336,0.66856297,0.34738684,11.79252695,11.81700336,1,1,210.24695064,1
1337,0.43319117,0.80149947,0.32221503,0.69703301,0.37042641,11.845032,11.84577408,1,1,210.24695064,1
1338,0.41820993,0.75206776,0.3266219,0.65316118,0.35494043,12.04011214,12.04152098,1,1,210.24695064,1
1339,0.43260123,0.75695744,0.32945527,0.66555448,0.37784162,11.77654711,11.79448797,1,1,210.24695064,1
1340,0.43361357,0.75882594,0.32988067,0.62224342,0.36850086,12.01294987,12.07585613,1,1,210.24695064,1
1341,0.40940522,0.79525692,0.34001368,0.65979344,0.35163937,11.57870028,11.65408115,1,1,210.24695064,1
1342,0.41899329,0.77454071,0.34871768,0.69659757,0.37460658,12.10710523,12.20713538,1,1,210.24695064,1
1343,0.41534424,0.7888238,0.34770207,0.65266562,0.35711447,12.03751767,12.05850031,1,1,210.24695064,1
1344,0.42685423,0.76305104,0.35679713,0.61015572,0.37997218,11.93242484,12.02791303,1,1,210.24695064,1
1345,0.42768892,0.7348902,0.35879176,0.64541098,0.36237343,12.0416647,12.06740267,1,1,210.24695064,1
1346,0.44768765,0.75649317,0.36757164,0.68226869,0.34513183,11.73139669,11.83891528,1,1,210.24695064,1
1347,0.45337708,0.74640742,0.36836526,0.64299775,0.36822398,12.21809956,12.25795028,1,1,210.24695064,1
1348,0.44291171,0.73884853,0.36826337,0.61057715,0.3508595,11.75095848,11.83328052,1,1,210.24695064,1
1349,0.4434059,0.73980508,0.36864088,0.56878162,0.37383057,12.23158844,12.29862596,1,1,210.24695064,1
1350,0.42862375,0.77310572,0.39064128,0.60739068,0.35635396,12.23407502,12.23865333,1,1,210.24695064,1
1351,0.42515664,0.74492045,0.38563353,0.56545174,0.34033357,11.81609548,11.88939383,1,1,210.24695064,1
1352,0.43601729,0.75921399,0.38808736,0.60411404,0.32352692,12.01529721,12.07647032,1,1,210.24695064,1
1353,0.44564578,0.72671869,0.39651294,0.56203264,0.3071764,12.16011065,12.24905004,1,1,210.24695064,1
1354,0.44837536,0.73251195,0.39249754,0.52079205,0.29658623,12.09078344,12.13983345,1,1,210.24695064,1
1355,0.43676443,0.72668805,0.40023372,0.56036353,0.32053591,11.82125811,11.84088407,1,1,210.24695064,1
1356,0.46099602,0.70446447,0.38221136,0.59648416,0.34393476,12.10423788,12.12294361,1,1,210.24695064,1
1357,0.45619289,0.69592901,0.38232426,0.63454845,0.36705512,11.97600338,12.07016999,1,1,210.24695064,1
1358,0.47435834,0.7057505,0.39865734,0.59189654,0.34975103,12.22896939,12.34966853,1,1,210.24695064,1
1359,0.48084033,0.67447569,0.38725739,0.63005525,0.35922758,12.2499689,12.35823221,1,1,210.24695064,1
1360,0.48088968,0.67108544,0.38736872,0.58745415,0.3819803,12.09662038,12.12251687,1,1,210.24695064,1
1361,0.45819122,0.66953385,0.40222731,0.54676851,0.40434036,12.08876823,12.19282163,1,1,210.24695064,1
1362,0.43992214,0.68565199,0.40295615,0.50616391,0.42618556,12.02177878,12.12391732,1,1,210.24695064,1
1363,0.46468424,0.66518117,0.40410114,0.54576681,0.407662,12.03180287,12.09811049,1,1,210.24695064,1
1364,0.46045221,0.67509532,0.41168763,0.58485101,0.38951596,11.9181953,11.96845666,1,1,210.24695064,1
1365,0.4674716,0.66013967,0.40184655,0.5431832,0.37256822,12.12463464,12.14788474,1,1,210.24695064,1
1366,0.47190857,0.63205637,0.40084733,0.50231954,0.39511685,12.00259886,12.02298606,1,1,210.24695064,1
1367,0.47124158,0.6185084,0.40532423,0.46245889,0.41720229,12.06447042,12.09156178,1,1,210.24695064,1
1368,0.4731451,0.62611584,0.41527091,0.42321323,0.43885824,12.30180646,12.30743425,1,1,210.24695064,1
1369,0.48266698,0.60691791,0.41892777,0.42244589,0.42036272,11.85245204,11.93087837,1,1,210.24695064,1
1370,0.48200371,0.60405414,0.41868183,0.38399874,0.44195454,12.0816396,12.1952446,1,1,210.24695064,1
1371,0.46189319,0.63294796,0.44330334,0.4096576,0.45874864,11.64781115,11.65168777,1,1,210.24695064,1
1372,0.46253362,0.61382618,0.43946608,0.45146445,0.43957574,12.02951135,12.08080341,1,1,210.24695064,1
1373,0.46321589,0.61592952,0.43631089,0.41301413,0.46078419,12.27940062,12.32438292,1,1,210.24695064,1
1374,0.46310427,0.58260218,0.42614107,0.45475327,0.44373428,12.02513696,12.04381641,1,1,210.24695064,1
1375,0.47641587,0.58688742,0.42770704,0.4956572,0.42701668,11.84654741,11.95995219,1,1,210.24695064,1
1376,0.4660411,0.58564281,0.45173075,0.46647301,0.40850141,11.7655711,11.83554341,1,1,210.24695064,1
1377,0.47796929,0.56287337,0.43680014,0.50477862,0.39033138,11.87674996,11.89032367,1,1,210.24695064,1
1378,0.47858424,0.56104578,0.43676009,0.54345566,0.37252481,11.83323199,11.90639419,1,1,210.24695064,1
1379,0.45967919,0.600473,0.44542226,0.50270692,0.3950743,11.85413159,11.95595147,1,1,210.24695064,1
1380,0.46608097,0.57587693,0.45046892,0.46265281,0.4118599,12.17244642,12.22885703,1,1,210.24695064,1
1381,0.48694354,0.57387877,0.45952359,0.5030812,0.39369417,11.79827009,11.86746099,1,1,210.24695064,1
1382,0.47879808,0.55273328,0.47087978,0.53778925,0.37582029,11.83135698,11.84493634,1,1,210.24695064,1
1383,0.49124956,0.558355,0.45786608,0.49713385,0.39826054,11.98550842,12.05211822,1,1,210.24695064,1
1384,0.49086799,0.55723197,0.45789327,0.45719117,0.41741911,12.01670622,12.13646945,1,1,210.24695064,1
1385,0.46930039,0.59856394,0.46167222,0.41807939,0.43907025,12.0940771,12.13903355,1,1,210.24695064,1
1386,0.45555785,0.56263763,0.47748433,0.37971788,0.42029319,11.85816197,11.9205696,1,1,210.24695064,1
1387,0.48043017,0.57818542,0.46971497,0.34212391,0.40258061,12.14700887,12.18413012,1,1,210.24695064,1
1388,0.46952653,0.55206226,0.47576127,0.38523769,0.38452936,12.57673721,12.68343198,1,1,210.24695064,1
1389,0.49540073,0.55124997,0.48356385,0.34947157,0.4053926,11.67512298,11.75155601,1,1,210.24695064,1
1390,0.50135836,0.53372473,0.48397375,0.39108629,0.38730563,12.27813459,12.37745075,1,1,210.24695064,1
1391,0.50180564,0.5202274,0.49118493,0.36143732,0.3737154,11.60035353,11.63211898,1,1,210.24695064,1
1392,0.51476206,0.5258559,0.4846068,0.40420857,0.3562423,12.24621568,12.36655926,1,1,210.24695064,1
1393,0.51499821,0.5250778,0.48430712,0.44612439,0.37911745,11.74345761,11.74475124,1,1,210.24695064,1
1394,0.47277358,0.53003984,0.50447824,0.40728334,0.3615351,12.05371217,12.14458904,1,1,210.24695064,1
1395,0.4862726,0.51865511,0.49772651,0.36913767,0.34430441,12.04434029,12.11248838,1,1,210.24695064,1
1396,0.48055289,0.51685993,0.48970699,0.41133301,0.32804271,11.69143944,11.73848518,1,1,210.24695064,1
1397,0.49387089,0.50803342,0.50430629,0.3731086,0.35148054,11.66853917,11.75823435,1,1,210.24695064,1
1398,0.48572605,0.49347941,0.51223116,0.35598518,0.33445093,12.10916118,12.15107814,1,1,210.24695064,1
1399,0.4844453,0.4881673,0.49969984,0.39886269,0.31776192,12.17873657,12.28789372,1,1,210.24695064,1
1400,0.48433233,0.48894364,0.49966934,0.36369191,0.34119195,11.88578052,11.99743053,1,1,210.24695064,1
1401,0.57128735,0.51328583,0.51288063,0.32669586,0.32436811,11.83179169,11.91896412,1,1,210.24695064,1
1402,0.56256342,0.54693346,0.51022203,0.29751401,0.30788075,11.93735594,11.97112437,1,1,210.24695064,1
1403,0.55112701,0.55258952,0.50015679,0.26156389,0.29315848,11.96775727,12.04341323,1,1,210.24695064,1
1404,0.55724526,0.5441832,0.52871267,0.2263328,0.30781746,11.64280465,11.70018446,1,1,210.24695064,1
1405,0.56597053,0.56864109,0.51557954,0.19181048,0.2917825,11.98203535,12.05460825,1,1,210.24695064,1
1406,0.55756946,0.58036642,0.51453564,0.23797427,0.31594237,11.87924335,11.93577456,1,1,210.24695064,1
1407,0.55966725,0.56205416,0.52916913,0.20523453,0.30019228,11.89697336,11.9188344,1,1,210.24695064,1
1408,0.552091,0.57983871,0.52908676,0.17113687,0.32418834,12.12381131,12.18872874,1,1,210.24695064,1
1409,0.55194334,0.57908482,0.52895713,0.13771427,0.34768651,11.83263997,11.87988719,1,1,210.24695064,1
1410,0.52447058,0.56668956,0.53881344,0.1095397,0.37068095,12.26644436,12.27114731,1,1,210.24695064,1
1411,0.53428673,0.57707752,0.54647743,0.15732793,0.35326756,11.9409413,12.01158592,1,1,210.24695064,1
1412,0.54177615,0.57406702,0.54879801,0.12425144,0.37620023,12.1967536,12.31703294,1,1,210.24695064,1
1413,0.52270095,0.56331281,0.5542784,0.09176657,0.36792215,12.24357196,12.29007875,1,1,210.24695064,1
1414,0.52851806,0.56405309,0.52907941,0.05993146,0.35056485,12.1784945,12.21210206,1,1,210.24695064,1
1415,0.54564851,0.53244512,0.54526066,0.10869987,0.34432865,12.0840443,12.1793759,1,1,210.24695064,1
1416,0.54734665,0.55114225,0.55011727,0.07652587,0.32744208,12.03307051,12.04052164,1,1,210.24695064,1
1417,0.53726361,0.54004837,0.54328316,0.04500002,0.35089048,11.71108408,11.743962,1,1,210.24695064,1
1418,0.53621269,0.5419841,0.54296775,0.09395793,0.3638866,12.14188408,12.23699664,1,1,210.24695064,1
1419,0.56668016,0.52101804,0.55979726,0.06207877,0.35270875,12.21970659,12.25764198,1,1,210.24695064,1
1420,0.57424916,0.54781373,0.5422573,0.03283386,0.37555956,11.77573916,11.82310011,1,1,210.24695064,1
1421,0.5543438,0.55190449,0.56177938,0.0021797,0.3582051,11.93766952,12.03858912,1,1,210.24695064,1
1422,0.53830362,0.54571952,0.5576168,0.05213606,0.34104144,11.85627003,11.86338542,1,1,210.24695064,1
1423,0.54606586,0.55464021,0.55314094,0.08319358,0.36422047,12.31668958,12.43694955,1,1,210.24695064,1
1424,0.54619134,0.55306256,0.55344719,0.13145605,0.38693606,11.86247105,11.90176954,1,1,210.24695064,1
1425,0.53022001,0.52033846,0.56856992,0.17874007,0.40919734,11.58374623,11.59222859,1,1,210.24695064,1
1426,0.52157781,0.51804192,0.5766323,0.22516525,0.39101348,11.76172947,11.80993098,1,1,210.24695064,1
1427,0.52201115,0.51198059,0.56463882,0.27066194,0.37430572,11.9524453,12.07023944,1,1,210.24695064,1
1428,0.50434749,0.50967888,0.56758218,0.3152487,0.39594531,12.27822297,12.35237014,1,1,210.24695064,1
1429,0.51633931,0.50667049,0.55984154,0.35889174,0.37847725,11.93426925,11.98593583,1,1,210.24695064,1
1430,0.50923017,0.51164952,0.57523009,0.32171401,0.36093036,11.89697253,12.01204226,1,1,210.24695064,1
1431,0.49465424,0.51245247,0.56889659,0.35987873,0.38314712,12.11819495,12.19664183,1,1,210.24695064,1
1432,0.49446075,0.51381412,0.56869294,0.40168601,0.40535461,12.06082885,12.0933758,1,1,210.24695064,1
1433,0.49063191,0.48682396,0.59047575,0.43714251,0.42724748,12.19867174,12.25051655,1,1,210.24695064,1
1434,0.48441107,0.48014262,0.57046124,0.47498775,0.44870253,12.10133434,12.19605719,1,1,210.24695064,1
1435,0.47880777,0.47909238,0.56302698,0.51548795,0.46972848,12.01055109,12.05961049,1,1,210.24695064,1
1436,0.46066591,0.50383918,0.56834311,0.55516921,0.45035607,12.05510292,12.13705151,1,1,210.24695064,1
1437,0.46051508,0.50130442,0.56836832,0.51406586,0.46233015,12.14384174,12.2513142,1,1,210.24695064,1
1438,0.51673238,0.54837298,0.59214508,0.55378454,0.48159809,11.4638293,11.51728823,1,1,210.24695064,1
1439,0.51533644,0.56603793,0.58629212,0.51270913,0.50196612,11.96532691,12.02256957,1,1,210.24695064,1
1440,0.51735643,0.55222377,0.57592444,0.5524533,0.52192653,12.03197981,12.11386566,1,1,210.24695064,1
1441,0.53653874,0.56198148,0.56439956,0.51153183,0.501488,11.95940928,12.05851033,1,1,210.24695064,1
1442,0.52860079,0.57855852,0.58435364,0.48511553,0.48146707,11.98863432,12.05243586,1,1,210.24695064,1
1443,0.53227743,0.56866001,0.569877,0.52541322,0.46211437,11.98671299,11.99641024,1,1,210.24695064,1
1444,0.53220312,0.56838484,0.56966609,0.48530132,0.48197215,12.06348578,12.11081761,1,1,210.24695064,1
1445,0.59381562,0.57327883,0.59971418,0.52550108,0.46757274,12.07918639,12.08892647,1,1,210.24695064,1
1446,0.59326102,0.55611797,0.59126225,0.56488054,0.45643523,11.93660158,12.05540722,1,1,210.24695064,1
1447,0.58998387,0.57925024,0.58758187,0.523583,0.46311042,12.01897504,12.09588959,1,1,210.24695064,1
1448,0.56865054,0.58384301,0.58209695,0.56310962,0.44384821,12.26109457,12.26749224,1,1,210.24695064,1
1449,0.56995843,0.58901084,0.57016056,0.60184269,0.42497125,12.07302616,12.14160724,1,1,210.24695064,1
1450,0.56988933,0.58845374,0.57056796,0.55980584,0.44619764,11.96583924,12.0457003,1,1,210.24695064,1
1451,0.53373252,0.57120217,0.58686764,0.51861008,0.43559498,11.84914154,11.86615966,1,1,210.24695064,1
1452,0.52835975,0.55065961,0.59789049,0.47823903,0.41688308,11.68351509,11.7836245,1,1,210.24695064,1
1453,0.53169237,0.57143359,0.58493233,0.51867425,0.43854542,11.87007475,11.91315798,1,1,210.24695064,1
1454,0.52258754,0.55890769,0.57305512,0.54970591,0.4597745,11.78739742,11.88358818,1,1,210.24695064,1
1455,0.5250964,0.55650182,0.59146191,0.58871174,0.47464055,12.07585755,12.08934558,1,1,210.24695064,1
1456,0.53411685,0.52406084,0.5811043,0.54693896,0.49514759,11.84942843,11.88945957,1,1,210.24695064,1
1457,0.52272611,0.5398739,0.5692053,0.58599691,0.47525119,12.22147909,12.22299135,1,1,210.24695064,1
1458,0.50972921,0.53176618,0.56376577,0.62427696,0.45574618,11.79619174,11.86736235,1,1,210.24695064,1
1459,0.51085809,0.53212873,0.56418122,0.65465577,0.47646518,12.08020919,12.17321473,1,1,210.24695064,1
1460,0.54707701,0.50695937,0.58414724,0.69156265,0.49640154,11.88708338,11.88755951,1,1,210.24695064,1
1461,0.5366468,0.52021635,0.56395294,0.64906849,0.47651178,12.01138874,12.09157436,1,1,210.24695064,1
1462,0.52217136,0.54415214,0.55373188,0.62134518,0.49698042,12.16369322,12.25889999,1,1,210.24695064,1
1463,0.53778344,0.52708624,0.5644146,0.5789586,0.47711444,11.9314583,11.9945572,1,1,210.24695064,1
1464,0.51043418,0.54459048,0.56418371,0.61737789,0.49577345,12.15665699,12.23781238,1,1,210.24695064,1
1465,0.51153629,0.54657817,0.56443754,0.64026494,0.51577369,11.87000083,11.88559421,1,1,210.24695064,1
1466,0.49835979,0.54771933,0.58498425,0.66330325,0.535411,12.11169577,12.2102896,1,1,210.24695064,1
1467,0.4851736,0.56388618,0.58051865,0.62006511,0.55469955,11.75001186,11.84208604,1,1,210.24695064,1
1468,0.47995013,0.5314324,0.58585152,0.57766593,0.53360603,11.9653239,12.0504237,1,1,210.24695064,1
1469,0.49159564,0.52472946,0.58500555,0.53669327,0.51294971,11.93274139,11.95457671,1,1,210.24695064,1
1470,0.50529899,0.52510094,0.56473079,0.57595888,0.53269072,12.07914536,12.10031318,1,1,210.24695064,1
1471,0.49170948,0.49581935,0.58205143,0.58049711,0.55195827,12.17717394,12.27931783,1,1,210.24695064,1
1472,0.48128056,0.48448151,0.56693045,0.54674159,0.57091508,11.93572541,11.97215563,1,1,210.24695064,1
1473,0.49505614,0.49943116,0.58693036,0.5130448,0.58704171,11.7692935,11.80271314,1,1,210.24695064,1
1474,0.51339718,0.4920578,0.5623163,0.5527839,0.60530085,11.90997561,12.00929349,1,1,210.24695064,1
1475,0.51346936,0.49101112,0.56265313,0.51172822,0.62319481,11.57098404,11.62352347,1,1,210.24695064,1
1476,0.55946635,0.50803508,0.56693297,0.55149092,0.6407309,11.7917054,11.90054637,1,1,210.24695064,1
1477,0.56354414,0.49437412,0.57845615,0.51047916,0.61791642,12.39164613,12.50611076,1,1,210.24695064,1
1478,0.56046281,0.52694332,0.56599808,0.47040394,0.63555809,12.11781299,12.16026458,1,1,210.24695064,1
1479,0.56161826,0.52473603,0.58506172,0.51099355,0.61284757,12.24260156,12.30627484,1,1,210.24695064,1
1480,0.54567246,0.54430055,0.57861637,0.5503569,0.59059069,12.10733714,12.22298454,1,1,210.24695064,1
1481,0.53359368,0.54106308,0.55945296,0.50934976,0.56878158,12.24126377,12.25574992,1,1,210.24695064,1
1482,0.52887104,0.55881273,0.58327787,0.51752323,0.58740583,11.74463755,11.86131838,1,1,210.24695064,1
1483,0.52839272,0.56292144,0.5830663,0.55711569,0.60565771,12.44901985,12.50192258,1,1,210.24695064,1
1484,0.50843397,0.52871848,0.60241277,0.51597743,0.62292112,12.09879273,12.16178588,1,1,210.24695064,1
1485,0.49227653,0.55482887,0.58801937,0.4756579,0.63883066,11.72395296,11.83665977,1,1,210.24695064,1
1486,0.50857883,0.54466184,0.59993035,0.43645829,0.65605402,11.83857598,11.91034827,1,1,210.24695064,1
1487,0.50020466,0.53785275,0.5865109,0.47772905,0.6729329,12.40556229,12.47446119,1,1,210.24695064,1
1488,0.48803597,0.53299043,0.60146138,0.44125006,0.68947424,12.0084498,12.05262905,1,1,210.24695064,1
1489,0.50436221,0.53330538,0.6025457,0.4824242,0.66582751,12.15449088,12.26319825,1,1,210.24695064,1
1490,0.50450397,0.53559553,0.6027635,0.52277571,0.68250842,12.21912924,12.22573302,1,1,210.24695064,1
1491,0.48284991,0.53895057,0.62866433,0.48232103,0.6988045,12.07290982,12.08818476,1,1,210.24695064,1
1492,0.48746519,0.51392157,0.62632173,0.44267465,0.67493434,11.87415162,11.93692356,1,1,210.24695064,1
1493,0.4649335,0.51683303,0.62058306,0.41236547,0.65157141,11.92920845,12.0420968,1,1,210.24695064,1
1494,0.48377634,0.50730817,0.59508961,0.37411817,0.66852337,11.7643766,11.88114622,1,1,210.24695064,1
1495,0.47618363,0.50898527,0.59410788,0.3405028,0.6851529,11.87445334,11.95608079,1,1,210.24695064,1
1496,0.49190036,0.49611007,0.61840855,0.38205241,0.70144984,12.42265813,12.45146985,1,1,210.24695064,1
1497,0.4869342,0.50238288,0.62251982,0.34680903,0.68056238,11.93982961,11.96407253,1,1,210.24695064,1
1498,0.48721735,0.49829473,0.62230854,0.38987213,0.65696863,11.96275925,12.02975595,1,1,210.24695064,1
1499,0.46972035,0.50477026,0.63711887,0.43207469,0.67382926,11.9736839,12.04528409,1,1,210.24695064,1
1500,0.47096244,0.48811585,0.64941247,0.3945061,0.69035262,12.07292984,12.13369838,1,1,210.24695064,1
1501,0.48371187,0.50489577,0.6387298,0.35666394,0.70632221,11.87653245,11.90878146,1,1,210.24695064,1
1502,0.47074174,0.47452628,0.63376891,0.39449448,0.72199198,11.87658618,11.91784858,1,1,210.24695064,1
1503,0.47098686,0.47552034,0.63601356,0.40045513,0.69801129,11.92118105,11.95838345,1,1,210.24695064,1
1504,0.47550228,0.46476201,0.63074368,0.44236179,0.67405118,12.12597542,12.12890509,1,1,210.24695064,1
1505,0.48826584,0.4576398,0.60967575,0.40351547,0.69057015,11.99356725,12.0049673,1,1,210.24695064,1
1506,0.48744261,0.45657772,0.60978331,0.36544517,0.66675875,11.86873349,11.95284202,1,1,210.24695064,1
1507,0.46181022,0.46472207,0.62265747,0.33169331,0.64342603,12.17146682,12.2352164,1,1,210.24695064,1
1508,0.46931483,0.46679562,0.6096723,0.37414276,0.62349654,12.05389447,12.07161778,1,1,210.24695064,1
1509,0.46304033,0.44272404,0.57857485,0.41656515,0.64102661,12.28964706,12.35113773,1,1,210.24695064,1
1510,0.47899656,0.43288463,0.56497404,0.37823412,0.65129919,11.92110431,12.03530329,1,1,210.24695064,1
1511,0.47378269,0.42783152,0.58270413,0.35339375,0.62851555,11.97755146,12.09608826,1,1,210.24695064,1
1512,0.47424648,0.43119128,0.58277737,0.39632213,0.64594518,11.80283901,11.88477943,1,1,210.24695064,1
1513,0.54716093,0.50759254,0.56689519,0.43839551,0.66302628,12.12773457,12.22778066,1,1,210.24695064,1
1514,0.53436652,0.49810781,0.55452652,0.4796276,0.67973634,11.9883107,11.99535052,1,1,210.24695064,1
1515,0.54972641,0.48767803,0.53101419,0.44004487,0.65614161,12.04881526,12.10821701,1,1,210.24695064,1
1516,0.52768733,0.49913662,0.52872907,0.45525389,0.63302191,12.09692866,12.09862672,1,1,210.24695064,1
1517,0.55513777,0.50606618,0.49733772,0.49614881,0.61036147,12.22436701,12.27600568,1,1,210.24695064,1
1518,0.55409534,0.50548701,0.49724813,0.53622583,0.58876128,11.96376217,12.02908142,1,1,210.24695064,1
1519,0.56668721,0.44180656,0.5218298,0.57550007,0.56699358,12.0692979,12.09250731,1,1,210.24695064,1
1520,0.5502237,0.43736989,0.52131463,0.60148069,0.5856537,12.12057758,12.15674903,1,1,210.24695064,1
1521,0.54969813,0.43976456,0.52631476,0.55971968,0.60394063,12.32034512,12.37856701,1,1,210.24695064,1
1522,0.53555481,0.45159601,0.51393641,0.59852529,0.58186182,11.95600194,11.99036432,1,1,210.24695064,1
1523,0.52095823,0.46872733,0.50101136,0.63654116,0.60022458,11.98310272,12.07507392,1,1,210.24695064,1
1524,0.49475296,0.46951013,0.49917709,0.6588077,0.61025003,11.95905368,12.02951831,1,1,210.24695064,1
1525,0.49495226,0.47194535,0.49912298,0.61563155,0.62803554,12.29493095,12.32256652,1,1,210.24695064,1
1526,0.48022607,0.48296078,0.49975041,0.65157747,0.63396176,11.96630737,11.97426895,1,1,210.24695064,1
1527,0.46530329,0.47849982,0.52400935,0.68854592,0.61128267,12.21603367,12.32124163,1,1,210.24695064,1
1528,0.48326838,0.45073854,0.50189287,0.64557148,0.59040857,11.98490376,12.01296489,1,1,210.24695064,1
1529,0.49352403,0.45413081,0.50686855,0.60266005,0.6086004,12.18778434,12.19496035,1,1,210.24695064,1
1530,0.46949123,0.43768647,0.50081582,0.64060685,0.62635764,12.11359747,12.19686798,1,1,210.24695064,1
1531,0.49439568,0.45019959,0.52329022,0.6777946,0.64382011,12.58185221,12.63733017,1,1,210.24695064,1
1532,0.49488586,0.45314505,0.5231196,0.63423945,0.65445432,11.71808908,11.82056484,1,1,210.24695064,1
1533,0.45942523,0.44459237,0.54054623,0.59180709,0.63138986,12.23657876,12.35333309,1,1,210.24695064,1
1534,0.455647,0.44337974,0.54090765,0.55258541,0.60876207,12.15198021,12.19425464,1,1,210.24695064,1
1535,0.46225971,0.42674133,0.54704374,0.55885879,0.62577594,12.27122777,12.38535499,1,1,210.24695064,1
1536,0.45460554,0.42075564,0.52284711,0.59768161,0.64301955,11.7123578,11.73748058,1,1,210.24695064,1
1537,0.4490355,0.42159054,0.52670999,0.57257621,0.66015897,11.90071131,11.92639054,1,1,210.24695064,1
1538,0.46357792,0.40560778,0.5265889,0.61099788,0.67694512,12.01225401,12.12577059,1,1,210.24695064,1
1539,0.47176692,0.41552934,0.53058754,0.64856829,0.65342979,11.7306201,11.73079344,1,1,210.24695064,1
1540,0.47229544,0.41200137,0.53030798,0.65384372,0.66581294,11.91710182,11.99264501,1,1,210.24695064,1
1541,0.52546237,0.44503016,0.5590069,0.6114701,0.68249668,11.74707168,11.80311817,1,1,210.24695064,1
1542,0.53480123,0.4513864,0.55628296,0.58640941,0.65884728,11.82319917,11.89173745,1,1,210.24695064,1
1543,0.53370159,0.45113714,0.54937745,0.54689587,0.67536395,12.13124579,12.14943027,1,1,210.24695064,1
1544,0.5415701,0.47454239,0.53730693,0.50596795,0.69184487,12.18328297,12.2365478,1,1,210.24695064,1
1545,0.54424934,0.47274649,0.54380938,0.46584874,0.70800797,12.22821859,12.26826337,1,1,210.24695064,1
1546,0.53323057,0.47569236,0.52807187,0.42653195,0.72283444,12.38015362,12.47160874,1,1,210.24695064,1
1547,0.54138783,0.49896231,0.55623685,0.46793362,0.70745644,11.89746169,11.94153329,1,1,210.24695064,1
1548,0.51890308,0.48791628,0.53135572,0.50857495,0.6838896,11.94931684,12.03610487,1,1,210.24695064,1
1549,0.51917036,0.48734764,0.53129067,0.46840345,0.70013809,12.10690727,12.16145898,1,1,210.24695064,1
1550,0.50513692,0.46617699,0.55815615,0.42980034,0.694957,12.30275986,12.30600035,1,1,210.24695064,1
1551,0.5126296,0.47383579,0.54648968,0.47120224,0.67105786,11.55122388,11.5749378,1,1,210.24695064,1
1552,0.50551473,0.46188918,0.54856801,0.43177902,0.6476367,12.3119339,12.40009472,1,1,210.24695064,1
1553,0.49237985,0.453682,0.5456856,0.3932083,0.66468241,11.87987645,11.91070861,1,1,210.24695064,1
1554,0.48944963,0.46098487,0.53385546,0.35626428,0.67491189,11.83947584,11.91143807,1,1,210.24695064,1
1555,0.48938381,0.46132135,0.53398762,0.38577882,0.68968163,12.16321647,12.25757731,1,1,210.24695064,1
1556,0.45769047,0.48716877,0.53762765,0.34806406,0.6728115,12.35962394,12.40677998,1,1,210.24695064,1
1557,0.47353525,0.48084657,0.54520642,0.31128272,0.6493645,12.30107034,12.41329161,1,1,210.24695064,1
1558,0.46854939,0.45409535,0.5598661,0.35505649,0.62640143,12.11215548,12.17752864,1,1,210.24695064,1
1559,0.46662961,0.45420495,0.54368847,0.31795977,0.6038818,11.83486344,11.93493543,1,1,210.24695064,1
1560,0.48364675,0.44462439,0.55173025,0.36160037,0.58181132,12.11208605,12.20174804,1,1,210.24695064,1
1561,0.47299064,0.42696621,0.53995129,0.32436857,0.60017509,12.03044122,12.04224791,1,1,210.24695064,1
1562,0.48690291,0.43191412,0.53879509,0.3678812,0.61815922,12.11763159,12.22237533,1,1,210.24695064,1
1563,0.4872292,0.42850275,0.53885951,0.33052358,0.63579604,11.61603986,11.62604987,1,1,210.24695064,1
1564,0.54595171,0.45642913,0.5602385,0.29391505,0.65276544,12.25848413,12.31836395,1,1,210.24695064,1
1565,0.55980169,0.44444644,0.56262964,0.25803675,0.6651839,11.96970747,11.99660909,1,1,210.24695064,1
1566,0.56117852,0.46705748,0.55429774,0.29875791,0.68009961,11.78451997,11.85892785,1,1,210.24695064,1
1567,0.55759819,0.47685935,0.56676412,0.33779038,0.65653776,12.08623321,12.17161582,1,1,210.24695064,1
1568,0.52363098,0.49639926,0.54849678,0.38103457,0.67340595,11.88840267,11.9944973,1,1,210.24695064,1
1569,0.542245,0.49841889,0.54280572,0.41002244,0.65078403,11.98590001,12.06263848,1,1,210.24695064,1
1570,0.52573799,0.48890438,0.55969295,0.45182199,0.62778167,12.06149434,12.1289844,1,1,210.24695064,1
1571,0.54078661,0.4940502,0.54220137,0.4168875,0.64522604,12.19159905,12.23350753,1,1,210.24695064,1
1572,0.54116555,0.49253616,0.54222265,0.45854286,0.66224862,12.00509049,12.10139174,1,1,210.24695064,1
1573,0.5780432,0.46703597,0.56779689,0.49661469,0.63900514,12.25170868,12.34790001,1,1,210.24695064,1
1574,0.55486018,0.49333233,0.54998359,0.47137773,0.63053572,11.77174826,11.86108,1,1,210.24695064,1
1575,0.55239103,0.49429871,0.55700121,0.43197894,0.60792672,11.96100212,12.02181612,1,1,210.24695064,1
1576,0.55565709,0.50199377,0.56781907,0.42598153,0.58786047,11.67818316,11.71325971,1,1,210.24695064,1
1577,0.52920622,0.49454809,0.55379119,0.46741793,0.56652554,11.98304544,12.07645602,1,1,210.24695064,1
1578,0.52171439,0.50463051,0.55858656,0.42877178,0.58519503,12.16567481,12.27352172,1,1,210.24695064,1
1579,0.52085209,0.5033663,0.55845733,0.39019634,0.563679,12.33775214,12.35530455,1,1,210.24695064,1
1580,0.56029113,0.51291656,0.5645567,0.42802422,0.58240531,12.34856992,12.36717433,1,1,210.24695064,1
1581,0.56879717,0.53199824,0.58503292,0.54335162,0.56196331,12.21000873,12.27745555,1,1,210.24695064,0
1582,0.55108753,0.5266093,0.55587284,0.42335313,0.50110692,12.16144306,12.21461752,1,1,210.24695064,0
1583,0.57455276,0.56201682,0.5776037,0.44120662,0.44268919,12.27832953,12.29644837,1,1,210.24695064,0
1584,0.55619784,0.56411071,0.55723907,0.56238236,0.50386506,12.12700381,12.20834967,1,1,210.24695064,0
1585,0.55604452,0.56474853,0.55744699,0.68113471,0.45680536,11.96482679,12.07662959,1,1,210.24695064,0
1586,0.56097831,0.58618948,0.52182366,0.55751349,0.39322182,11.87730393,11.99227886,1,1,210.24695064,0
1587,0.49806523,0.6501101,0.48203286,0.43642812,0.4519432,11.73312457,11.83139061,1,1,210.24695064,0
1588,0.44088997,0.69658516,0.4356463,0.53810408,0.39321464,12.17493124,12.24532833,1,1,210.24695064,0
1589,0.40155018,0.76744023,0.41834603,0.417342,0.33279364,12.05151564,12.12247215,1,1,210.24695064,0
1590,0.40072338,0.76743676,0.41825532,0.53899188,0.39243418,11.75757927,11.82412163,1,1,210.24695064,0
1591,0.43965561,0.78794848,0.4464892,0.41821845,0.33165552,11.86740196,11.98189838,1,1,210.24695064,0
1592,0.50197882,0.75576954,0.47617288,0.53985404,0.39328993,12.00988367,12.07141346,1,1,210.24695064,0
1593,0.56879926,0.68424139,0.53307517,0.63562086,0.33298259,11.69325378,11.76624955,1,1,210.24695064,0
1594,0.6409432,0.58757409,0.55744674,0.53716291,0.27030351,11.82324255,11.91936195,1,1,210.24695064,0
1595,0.73296537,0.53608541,0.58720091,0.65641963,0.32956018,12.16473363,12.19715253,1,1,210.24695064,0
1596,0.75132505,0.51272376,0.59964099,0.77329124,0.2664427,12.07599228,12.19392065,1,1,210.24695064,0
1597,0.75125239,0.51318776,0.59934568,0.64783962,0.20098302,11.9729293,12.04688741,1,1,210.24695064,0
1598,0.69330446,0.49042175,0.58325868,0.52496654,0.13804373,12.06156498,12.10944604,1,1,210.24695064,0
1599,0.61989201,0.50611671,0.51457576,0.40446753,0.12504559,11.85024408,11.89797235,1,1,210.24695064,0
1600,0.50895225,0.56585528,0.47782453,0.52636899,0.18612463,11.66359343,11.71843302,1,1,210.24695064,0
1601,0.38415135,0.60000355,0.41671627,0.40600444,0.24559725,11.74122046,11.80030705,1,1,210.24695064,0
1602,0.28631397,0.6199214,0.37054941,0.28788435,0.18747716,12.07962472,12.09816286,1,1,210.24695064,0
1603,0.22590579,0.6575575,0.32725801,0.17212666,0.25171947,11.86278251,11.94279385,1,1,210.24695064,0
1604,0.22525572,0.65563613,0.32726698,0.29868343,0.20166595,12.03691752,12.05057382,1,1,210.24695064,0
1605,0.29221431,0.70339922,0.39665215,0.18270976,0.14824516,11.83460728,11.88361976,1,1,210.24695064,0
1606,0.38060047,0.6569515,0.45587427,0.25640894,0.10927326,12.02865247,12.06960303,1,1,210.24695064,0
1607,0.47918473,0.63732111,0.52706173,0.17458903,0.05414509,12.19406823,12.23978941,1,1,210.24695064,0
1608,0.58659572,0.56548712,0.62931513,0.29614994,0.12065331,11.72241149,11.82712236,1,1,210.24695064,0
1609,0.66914619,0.55444899,0.66985729,0.28282144,0.11014303,12.0560741,12.12476303,1,1,210.24695064,1
1610,0.75307625,0.51293849,0.7156213,0.32715361,0.09794297,11.82658157,11.90219355,1,1,210.24695064,1
1611,0.75278095,0.51051387,0.71571358,0.29064206,0.12523188,12.31704751,12.41543767,1,1,210.24695064,1
1612,0.75827291,0.44048121,0.7357045,0.33482922,0.15188043,11.88203664,11.93625832,1,1,210.24695064,1
1613,0.7187122,0.45577075,0.7232662,0.29813642,0.13884282,11.89266071,12.0115782,1,1,210.24695064,1
1614,0.71053389,0.4425422,0.73226426,0.34217322,0.12693272,11.88878422,11.99567964,1,1,210.24695064,1
1615,0.71758361,0.4457809,0.71597808,0.3853201,0.15243772,11.56811263,11.60034677,1,1,210.24695064,1
1616,0.69643945,0.4384471,0.71463357,0.3476137,0.17891879,12.00522365,12.10267903,1,1,210.24695064,1
1617,0.67240383,0.44926242,0.73090375,0.3870584,0.20055037,12.097132,12.16231412,1,1,210.24695064,1
1618,0.68416952,0.43732554,0.70429213,0.35866181,0.22645297,12.04935249,12.1164193,1,1,210.24695064,1
1619,0.66553805,0.45333167,0.70040289,0.40103285,0.25192391,11.59494976,11.64267314,1,1,210.24695064,1
1620,0.65064275,0.45512189,0.69556407,0.44289355,0.23688712,11.88043115,11.8999827,1,1,210.24695064,1
1621,0.64676067,0.46308973,0.71689313,0.40403573,0.26214934,11.95186699,11.97906946,1,1,210.24695064,1
1622,0.64633909,0.46348418,0.71726312,0.36595879,0.28690379,12.03498508,12.04275959,1,1,210.24695064,1
1623,0.67860401,0.42064587,0.74168396,0.32864307,0.30226987,11.77836866,11.86361156,1,1,210.24695064,1
1624,0.64823592,0.42236255,0.72018676,0.37207021,0.28622448,12.13346857,12.16727254,1,1,210.24695064,1
1625,0.64900244,0.43531358,0.74179911,0.34152248,0.31049929,11.79923985,11.90598839,1,1,210.24695064,1
1626,0.61271166,0.43533516,0.73097151,0.304726,0.29429834,11.8664779,11.88697249,1,1,210.24695064,1
1627,0.62731187,0.43893356,0.71327051,0.34863083,0.31721994,11.90479891,11.91158219,1,1,210.24695064,1
1628,0.60662725,0.44699103,0.71190106,0.31289265,0.32884561,11.74606493,11.82005495,1,1,210.24695064,1
1629,0.60561585,0.45595623,0.69217351,0.35659857,0.35226869,12.03050185,12.10378341,1,1,210.24695064,1
1630,0.57160686,0.46603525,0.72684987,0.39924378,0.37522332,12.00157258,12.12111848,1,1,210.24695064,1
1631,0.5721468,0.46521558,0.72711391,0.44125286,0.35771885,12.11128661,12.22825734,1,1,210.24695064,1
1632,0.63672209,0.4457104,0.73309327,0.45195296,0.37517756,12.01215295,12.08843201,1,1,210.24695064,1
1633,0.60568611,0.47703988,0.7446559,0.4929139,0.37583856,12.07413862,12.18289333,1,1,210.24695064,1
1634,0.59996878,0.47371734,0.72406629,0.45305562,0.37957522,12.26033835,12.28929021,1,1,210.24695064,1
1635,0.59093446,0.48303043,0.71972272,0.49399448,0.36237113,12.09925377,12.18520521,1,1,210.24695064,1
1636,0.59051598,0.49634758,0.72729341,0.47433022,0.34711285,12.05492203,12.15810088,1,1,210.24695064,1
1637,0.58750748,0.50676163,0.73330035,0.43484362,0.33017174,12.13098495,12.23598711,1,1,210.24695064,1
1638,0.57489357,0.50722218,0.72351276,0.39660118,0.3139915,12.06693312,12.11905955,1,1,210.24695064,1
1639,0.56525188,0.52343186,0.7190415,0.35879163,0.33771167,12.23320194,12.31642606,1,1,210.24695064,1
1640,0.5652579,0.52462386,0.71922221,0.40161416,0.36095729,12.02226058,12.06344646,1,1,210.24695064,1
1641,0.55408453,0.4772874,0.73012102,0.44356992,0.34373814,11.48224582,11.5961113,1,1,210.24695064,1
1642,0.53951422,0.4888663,0.74855144,0.48362532,0.36686331,12.21027245,12.23041527,1,1,210.24695064,1
1643,0.54440464,0.49595365,0.71739086,0.44400652,0.37236148,12.17508274,12.29299039,1,1,210.24695064,1
1644,0.51695768,0.47508454,0.71855448,0.46130344,0.3949142,12.09919473,12.11624683,1,1,210.24695064,1
1645,0.51452644,0.49108335,0.69507433,0.50206224,0.37724753,12.03996409,12.06647746,1,1,210.24695064,1
1646,0.53425409,0.47099803,0.68244891,0.542021,0.36789082,11.81376169,11.92631719,1,1,210.24695064,1
1647,0.53374802,0.46768854,0.68279844,0.57823042,0.39028826,11.83160143,11.84482556,1,1,210.24695064,1
1648,0.57427961,0.46131638,0.68130861,0.61666484,0.41248244,12.03368851,12.07336902,1,1,210.24695064,1
1649,0.56519351,0.45893079,0.67099184,0.57487321,0.39423279,12.02443318,12.13415451,1,1,210.24695064,1
1650,0.55518669,0.4644628,0.64406712,0.54565415,0.41606401,12.05479832,12.1196126,1,1,210.24695064,1
1651,0.53799991,0.48827506,0.62565843,0.50809385,0.40546605,11.70231955,11.7170993,1,1,210.24695064,1
1652,0.54214269,0.48136318,0.6042798,0.54058115,0.38851732,11.86136272,11.92128469,1,1,210.24695064,1
1653,0.54180513,0.48266055,0.60389583,0.50150461,0.41057472,11.83654434,11.83656894,1,1,210.24695064,1
1654,0.53648394,0.41027014,0.60433989,0.54141376,0.42713282,12.12732172,12.14696301,1,1,210.24695064,1
1655,0.53322691,0.43469867,0.59775774,0.66058418,0.45073062,11.89247879,11.96964511,1,1,210.24695064,0
1656,0.51888027,0.43297844,0.59441264,0.77737238,0.50751769,12.10167037,12.2177474,1,1,210.24695064,0
1657,0.50373526,0.4287064,0.6089299,0.89174054,0.49637527,11.68446659,11.74621232,1,1,210.24695064,0
1658,0.50428715,0.43719253,0.5878001,0.76391298,0.42857158,12.0442363,12.07241014,1,1,210.24695064,0
1659,0.50474089,0.43706728,0.58777947,0.63863473,0.36329332,12.20905937,12.23508633,1,1,210.24695064,0
1660,0.5755611,0.51208473,0.56539311,0.51586204,0.42052063,11.94920883,12.06672811,1,1,210.24695064,0
1661,0.55949362,0.57434406,0.51096214,0.3955448,0.36060998,12.07037106,12.14880563,1,1,210.24695064,0
1662,0.56567685,0.64410602,0.44849592,0.27770759,0.42269908,11.81799106,11.91375652,1,1,210.24695064,0
1663,0.55998483,0.71899217,0.38722025,0.39068683,0.48621781,11.70887967,11.79432775,1,1,210.24695064,0
1664,0.53771857,0.77097793,0.37563656,0.34252011,0.42840408,11.68104351,11.72032035,1,1,210.24695064,0
1665,0.53854457,0.76913574,0.37566294,0.22759245,0.49108886,12.28162645,12.3036475,1,1,210.24695064,0
1666,0.50245019,0.71291609,0.44229312,0.22228101,0.4368122,12.47051656,12.52423765,1,1,210.24695064,0
1667,0.49124207,0.64687867,0.51068076,0.12842247,0.49536119,11.73885248,11.82816739,1,1,210.24695064,0
1668,0.47539151,0.57302971,0.59143741,0.25463012,0.53261379,12.23156548,12.29671971,1,1,210.24695064,0
1669,0.46549068,0.52410158,0.63148183,0.13953752,0.50483357,11.99910265,12.07783882,1,1,210.24695064,0
1670,0.46594192,0.46616061,0.67540448,0.25800316,0.45204314,12.09141573,12.15926275,1,1,210.24695064,0
1671,0.46568796,0.46478221,0.67555304,0.14285761,0.42641685,12.05407276,12.13357092,1,1,210.24695064,0
1672,0.38936816,0.38382689,0.35126886,0.25403283,0.37630334,12.01872413,12.11621815,1,1,210.24695064,0
1673,0.30844395,0.35015696,0.99666896,0.37761554,0.44121966,12.04154634,12.04547297,1,1,210.24695064,0
1674,0.24827437,0.30111538,0.65273551,0.26071596,0.50366735,12.12973312,12.16631852,1,1,210.24695064,0
1675,0.21213615,0.28024394,0.42115197,0.21172293,0.56845155,12.0883954,12.19051036,1,1,210.24695064,0
1676,0.21164526,0.27672224,0.42106636,0.33748681,0.51421728,12.11092556,12.1362146,1,1,210.24695064,0
1677,0.32639924,0.37167325,0.45598659,0.22277813,0.45917688,12.03988752,12.11840614,1,1,210.24695064,0
1678,0.40914442,0.40367579,0.48856683,0.10894653,0.46384339,11.91774302,11.93599224,1,1,210.24695064,0
1679,0.49168454,0.47470428,0.53058511,0.15666635,0.44687239,12.05321658,12.06653776,1,1,210.24695064,1
1680,0.58935485,0.50202109,0.5378507,0.12353302,0.46793494,12.18667267,12.2595119,1,1,210.24695064,1
1681,0.65781984,0.55649789,0.57854886,0.16788495,0.44857627,12.03809838,12.10166177,1,1,210.24695064,1
1682,0.7176954,0.57193353,0.58691149,0.13835383,0.4691535,12.01759028,12.02092901,1,1,210.24695064,1
1683,0.71739578,0.57237931,0.58726112,0.10566172,0.44977043,11.90711335,11.99906553,1,1,210.24695064,1
1684,0.75785488,0.50528185,0.61939868,0.14552054,0.43077903,12.14839915,12.25997087,1,1,210.24695064,1
1685,0.71157145,0.52391411,0.58842032,0.19261013,0.41262704,11.75424495,11.76399826,1,1,210.24695064,1
1686,0.71203092,0.52901342,0.60979536,0.15875793,0.39437593,12.17972797,12.28277392,1,1,210.24695064,1
1687,0.69386769,0.5205839,0.5920546,0.20558277,0.37712008,11.86414888,11.97887916,1,1,210.24695064,1
1688,0.68429449,0.52005925,0.61052865,0.17148043,0.36014478,12.02363736,12.08510007,1,1,210.24695064,1
1689,0.67788426,0.55366953,0.58969981,0.14695407,0.37982372,11.63402488,11.67753766,1,1,210.24695064,1
1690,0.66855,0.54908134,0.59524551,0.19399248,0.40222725,11.60598365,11.61672934,1,1,210.24695064,1
1691,0.62418568,0.55137591,0.5988372,0.24011261,0.38604052,11.71340029,11.81825427,1,1,210.24695064,1
1692,0.64322332,0.55917154,0.59652548,0.28530723,0.40831969,12.14030796,12.21170606,1,1,210.24695064,1
1693,0.64279249,0.56293512,0.59679865,0.32945485,0.4301533,12.18302764,12.24008943,1,1,210.24695064,1
1694,0.64357565,0.51776147,0.6277896,0.37286575,0.41155023,12.06585607,12.17087587,1,1,210.24695064,1
1695,0.61691616,0.5069678,0.60146675,0.33540844,0.42862956,11.89809212,11.95515195,1,1,210.24695064,1
1696,0.63019448,0.51128812,0.60503248,0.29870082,0.44216853,11.6575149,11.68413015,1,1,210.24695064,1
1697,0.60565014,0.51203833,0.59582103,0.26277872,0.43704426,12.12867023,12.13187726,1,1,210.24695064,1
1698,0.5961689,0.52272434,0.59820045,0.30748863,0.41831445,11.93399653,12.0085253,1,1,210.24695064,1
1699,0.56486678,0.50604899,0.58875016,0.27178346,0.4399444,11.93987342,11.98123675,1,1,210.24695064,1
1700,0.56012122,0.50380845,0.6101766,0.31634378,0.42152823,11.50575651,11.57405349,1,1,210.24695064,1
1701,0.55643202,0.51111534,0.59667493,0.3600169,0.41542253,11.75016933,11.83019548,1,1,210.24695064,1
1702,0.56734698,0.52247012,0.61215324,0.40281517,0.43711408,11.97140538,11.99456336,1,1,210.24695064,1
1703,0.56747176,0.52523758,0.6121974,0.44470863,0.4183718,11.84054399,11.89817951,1,1,210.24695064,1
1704,0.55138779,0.5104757,0.61509522,0.4058154,0.43996723,11.93638936,12.04410633,1,1,210.24695064,1
1705,0.56512927,0.50124345,0.62442214,0.36769909,0.42117379,11.74411583,11.80713395,1,1,210.24695064,1
1706,0.55627729,0.51498155,0.62551821,0.40585351,0.44274796,12.12877076,12.17514055,1,1,210.24695064,1
1707,0.55541948,0.48340929,0.5998967,0.44764898,0.42396214,11.82825683,11.93740774,1,1,210.24695064,1
1708,0.5284042,0.48862429,0.62774958,0.488696,0.41159072,11.87052844,11.95648325,1,1,210.24695064,1
1709,0.53955104,0.50465951,0.62042885,0.44893665,0.39522895,12.13633849,12.16614458,1,1,210.24695064,1
1710,0.53934701,0.50267196,0.62051448,0.48995695,0.41732431,11.88345803,11.91083608,1,1,210.24695064,1
1711,0.51224298,0.49546249,0.62449351,0.45015824,0.39897782,11.66387678,11.69058069,1,1,210.24695064,1
1712,0.52302675,0.48683032,0.63264094,0.48596582,0.38270675,11.97580865,12.07618219,1,1,210.24695064,1
1713,0.50767784,0.48973612,0.6193812,0.4462465,0.36505262,11.67759755,11.78481355,1,1,210.24695064,1
1714,0.52745026,0.48328351,0.6177169,0.40732157,0.34775487,12.26101997,12.31086577,1,1,210.24695064,1
1715,0.51041521,0.46325434,0.62393237,0.44917496,0.3706031,12.05141545,12.13964929,1,1,210.24695064,1
1716,0.50370964,0.45671067,0.63580343,0.41020949,0.39318374,12.0677117,12.08476012,1,1,210.24695064,1
1717,0.50457392,0.4577673,0.63596258,0.4520053,0.37532071,11.89573986,11.9831379,1,1,210.24695064,1
1718,0.55547081,0.47407355,0.66515686,0.48387096,0.39781423,11.91571532,11.98258749,1,1,210.24695064,1
1719,0.55696729,0.48758119,0.66158562,0.52419255,0.37993707,11.86371971,11.88015153,1,1,210.24695064,1
1720,0.56061108,0.48439403,0.64689466,0.5637087,0.36233833,11.74748808,11.76686367,1,1,210.24695064,1
1721,0.53911416,0.50983176,0.62761368,0.60243453,0.34762141,12.11374813,12.23328236,1,1,210.24695064,1
1722,0.54244685,0.52057637,0.65663012,0.56889631,0.37066898,12.56939434,12.68443602,1,1,210.24695064,1
1723,0.54058174,0.50258702,0.64847579,0.60193968,0.39325557,12.41244335,12.50250379,1,1,210.24695064,1
1724,0.5338327,0.52708122,0.64581651,0.60876893,0.40036136,11.99967056,12.06425508,1,1,210.24695064,1
1725,0.53370918,0.53065913,0.64545927,0.64659176,0.42142504,12.24298192,12.35216378,1,1,210.24695064,1
1726,0.48241238,0.50603182,0.67061948,0.60366004,0.40388013,11.93761723,12.03250632,1,1,210.24695064,1
1727,0.51035561,0.50006857,0.67104371,0.56158685,0.38750914,11.80996377,11.81704325,1,1,210.24695064,1
1728,0.50176368,0.49818764,0.63313611,0.52037168,0.36978171,11.94398095,12.00038172,1,1,210.24695064,1
1729,0.50282323,0.49642607,0.63186087,0.48036416,0.35517486,12.09044836,12.16367449,1,1,210.24695064,1
1730,0.49376898,0.48517169,0.64630543,0.52075196,0.37806109,12.2091067,12.21921075,1,1,210.24695064,1
1731,0.49564105,0.50547635,0.63457061,0.50130764,0.38532676,12.14709503,12.22652766,1,1,210.24695064,1
1732,0.49489503,0.50668151,0.63475246,0.53898228,0.36762046,12.19209522,12.20975923,1,1,210.24695064,1
1733,0.56961799,0.5558082,0.64317337,0.49820816,0.35029215,11.86134522,11.87985922,1,1,210.24695064,1
1734,0.55592847,0.55784804,0.62272569,0.53706293,0.37328555,12.03625384,12.15580939,1,1,210.24695064,1
1735,0.55903153,0.54729641,0.64661403,0.57631519,0.39581984,11.98011541,12.00767547,1,1,210.24695064,1
1736,0.5729009,0.5595796,0.62693335,0.58070074,0.41790344,12.08477236,12.12014276,1,1,210.24695064,1
1737,0.55694658,0.56809581,0.59994919,0.61908673,0.43954537,12.18149335,12.19006706,1,1,210.24695064,1
1738,0.55738808,0.57079552,0.59997671,0.62530546,0.42075446,12.18227544,12.24858341,1,1,210.24695064,1
1739,0.545437,0.52773865,0.62043221,0.66271338,0.43093558,11.94702222,12.05784685,1,1,210.24695064,1
1740,0.51624536,0.53774993,0.60350901,0.61945912,0.45175008,12.25229315,12.32074547,1,1,210.24695064,1
1741,0.52454132,0.53877303,0.61636687,0.65702079,0.4679691,12.24615082,12.27086893,1,1,210.24695064,1
1742,0.51528565,0.51922039,0.59634339,0.69388031,0.4486206,11.91930633,11.95230301,1,1,210.24695064,1
1743,0.49745765,0.52918801,0.58954936,0.72983791,0.42991497,11.91159973,11.96985346,1,1,210.24695064,1
1744,0.49957726,0.52792077,0.59697628,0.73230483,0.45131165,12.37990876,12.43212327,1,1,210.24695064,1
1745,0.50027022,0.52623479,0.59681752,0.76765873,0.43230829,12.15616056,12.26262229,1,1,210.24695064,1
1746,0.57018503,0.54967932,0.61367962,0.72233005,0.44498185,12.20907031,12.28232854,1,1,210.24695064,1
1747,0.54990884,0.56436086,0.62648513,0.67985971,0.46606167,12.08921062,12.18100023,1,1,210.24695064,1
1748,0.56412869,0.55855562,0.6190002,0.63626384,0.48409255,11.80595904,11.90084684,1,1,210.24695064,1
1749,0.56252965,0.5845259,0.60743944,0.63640935,0.50415297,11.9744136,12.08136574,1,1,210.24695064,1
1750,0.53707901,0.56401434,0.60689241,0.67122664,0.50141769,11.76978263,11.87033387,1,1,210.24695064,1
1751,0.53468412,0.5750056,0.600423,0.70779857,0.48144789,11.84480279,11.88022327,1,1,210.24695064,1
1752,0.53440945,0.5768378,0.60011395,0.74318978,0.46181893,11.49395097,11.54925393,1,1,210.24695064,1
1753,0.51192973,0.52446855,0.60826464,0.69861626,0.48258254,12.04823284,12.07671137,1,1,210.24695064,1
1754,0.5000257,0.52152117,0.62251996,0.65464412,0.50293089,11.96156596,12.00166109,1,1,210.24695064,1
1755,0.50870309,0.52066643,0.60300908,0.68772421,0.52287226,12.18457243,12.24073946,1,1,210.24695064,1
1756,0.48148666,0.52411358,0.58273553,0.67103055,0.50241488,11.59953775,11.66883754,1,1,210.24695064,1
1757,0.50412077,0.54998688,0.60810591,0.62760994,0.49318565,12.09253648,12.09582953,1,1,210.24695064,1
1758,0.50421264,0.54902801,0.6084453,0.58555812,0.51331933,12.12141681,12.2268865,1,1,210.24695064,1
1759,0.47395777,0.54558874,0.64220272,0.62384632,0.49404673,12.37310203,12.45141699,1,1,210.24695064,1
1760,0.47986172,0.54254672,0.62061355,0.59010612,0.51364377,11.89751309,11.9342621,1,1,210.24695064,1
1761,0.49767913,0.54618875,0.62546106,0.54978642,0.49619781,11.86507235,11.87198689,1,1,210.24695064,1
1762,0.4994766,0.53943719,0.63097966,0.58863221,0.48611981,12.14158428,12.22205835,1,1,210.24695064,1
1763,0.48980251,0.53057812,0.59468204,0.62685957,0.46640291,11.93462476,11.98819116,1,1,210.24695064,1
1764,0.48847459,0.5275671,0.61819565,0.58432238,0.46435991,12.01971696,12.03170888,1,1,210.24695064,1
1765,0.49745125,0.50363211,0.61982301,0.5455193,0.45716731,11.89332951,11.96230222,1,1,210.24695064,1
1766,0.49769931,0.50246015,0.61950472,0.58460891,0.47802395,11.90491143,12.01620703,1,1,210.24695064,1
1767,0.45017869,0.50212724,0.62311291,0.5429168,0.4984625,11.82766654,11.92005754,1,1,210.24695064,1
1768,0.45829758,0.50253366,0.61358387,0.50206346,0.5184912,12.01624171,12.0194096,1,1,210.24695064,1
1769,0.46246344,0.48997451,0.58434883,0.54201483,0.53812138,12.04602292,12.0799661,1,1,210.24695064,1
1770,0.45875153,0.48109997,0.59484452,0.55832104,0.55731254,11.89019689,11.91718593,1,1,210.24695064,1
1771,0.47452763,0.47375527,0.58715252,0.59715108,0.57575694,12.17284434,12.25848884,1,1,210.24695064,1
1772,0.47423794,0.47622742,0.58678846,0.63470662,0.5942418,11.79954648,11.83437223,1,1,210.24695064,1
1773,0.45403797,0.48241201,0.57806317,0.59206542,0.61234089,11.99927979,12.09786144,1,1,210.24695064,1
1774,0.4519016,0.46359101,0.56524009,0.55022411,0.59009407,11.83374984,11.84836221,1,1,210.24695064,1
1775,0.46087368,0.46963297,0.56970378,0.58921958,0.60829219,12.09393579,12.19719269,1,1,210.24695064,1
1776,0.47066916,0.46465848,0.55895769,0.62743519,0.62612634,11.91643682,11.92989433,1,1,210.24695064,1
1777,0.4519048,0.4702246,0.52004295,0.58984561,0.64347201,12.1267763,12.18065838,1,1,210.24695064,1
1778,0.45228081,0.4722916,0.52016153,0.62802116,0.62067349,11.75593109,11.83176174,1,1,210.24695064,1
1779,0.51767007,0.53696958,0.54378432,0.58548384,0.59826642,12.29829935,12.33934492,1,1,210.24695064,1
1780,0.50997605,0.51775087,0.54687135,0.54377416,0.57660447,11.81089723,11.86320623,1,1,210.24695064,1
1781,0.51682174,0.54797565,0.54155759,0.50289868,0.55507238,11.98278144,12.05896985,1,1,210.24695064,1
1782,0.52790786,0.53443677,0.545331,0.49027531,0.57397093,11.82499273,11.82873244,1,1,210.24695064,1
1783,0.52673854,0.54161933,0.53751786,0.52655228,0.59248491,12.27553443,12.30636845,1,1,210.24695064,1
1784,0.51837963,0.54886239,0.51851175,0.56602122,0.61063025,12.00530335,12.04356046,1,1,210.24695064,1
1785,0.51866235,0.55010138,0.51848175,0.52470084,0.58845201,11.88172632,11.9150484,1,1,210.24695064,1
1786,0.50231465,0.50049394,0.53836454,0.48422626,0.60651207,11.86673558,11.88601847,1,1,210.24695064,1
1787,0.48313565,0.51836625,0.53032322,0.44454174,0.62430944,11.6861898,11.78008484,1,1,210.24695064,1
1788,0.48358446,0.51702522,0.52734538,0.48562671,0.63341757,11.52013531,11.61390129,1,1,210.24695064,1
1789,0.48173363,0.51312778,0.54003737,0.44596783,0.61075022,12.12208481,12.22658169,1,1,210.24695064,1
1790,0.46783844,0.5146331,0.52595319,0.41020031,0.60155407,12.03421198,12.09795114,1,1,210.24695064,1
1791,0.4670299,0.51362885,0.5261489,0.4519963,0.57952299,11.9266819,11.96781009,1,1,210.24695064,1
1792,0.51990169,0.59682877,0.5256436,0.42813897,0.58968312,12.19349057,12.28273096,1,1,210.24695064,1
1793,0.5155143,0.57706684,0.54054362,0.46744923,0.60766658,11.89945737,11.9788169,1,1,210.24695064,1
1794,0.53849992,0.59061298,0.53967089,0.5080996,0.62544672,12.12082674,12.22126238,1,1,210.24695064,1
1795,0.55134165,0.60004755,0.5233657,0.51846191,0.64293779,11.88220317,11.89125419,1,1,210.24695064,1
1796,0.53217648,0.57596188,0.5438158,0.55809267,0.62007903,11.87298516,11.95941966,1,1,210.24695064,1
1797,0.54384263,0.58319534,0.53516824,0.51702167,0.59767745,12.31758448,12.42291217,1,1,210.24695064,1
1798,0.54459252,0.58364511,0.5351664,0.47668124,0.61554428,12.21175581,12.24565308,1,1,210.24695064,1
1799,0.51961187,0.57369114,0.55562995,0.43714762,0.63321682,12.07739186,12.09331269,1,1,210.24695064,1
1800,0.49692646,0.57045094,0.53911996,0.40116634,0.61055267,11.84009521,11.90066186,1,1,210.24695064,1
1801,0.51298654,0.53896975,0.54116312,0.36357839,0.58834213,12.245529,12.28174939,1,1,210.24695064,1
1802,0.49628269,0.53699913,0.53007876,0.32630683,0.60654618,11.56873801,11.67546555,1,1,210.24695064,1
1803,0.51937269,0.53841665,0.52942749,0.28978086,0.58456378,11.68619851,11.71092365,1,1,210.24695064,1
1804,0.50718045,0.52896389,0.52998103,0.25398628,0.6016318,11.75729111,11.77874633,1,1,210.24695064,1
1805,0.50665454,0.52509878,0.53023522,0.21890655,0.61959525,11.91630621,12.00717195,1,1,210.24695064,1
1806,0.56063423,0.56987583,0.55435884,0.18455505,0.59720621,11.58802666,11.68757339,1,1,210.24695064,1
1807,0.57371378,0.56907774,0.54798318,0.20688171,0.57526317,11.99126541,12.02148275,1,1,210.24695064,1
1808,0.57448959,0.56501075,0.53848061,0.25273152,0.55378677,11.86344336,11.96404894,1,1,210.24695064,1
1809,0.57507401,0.58504357,0.51854812,0.25771179,0.53363629,12.35181471,12.41115626,1,1,210.24695064,1
1810,0.54314762,0.58892053,0.52439324,0.27155242,0.55288746,11.6734427,11.7828303,1,1,210.24695064,1
1811,0.54273149,0.5893726,0.52407895,0.30211729,0.55902977,12.31504279,12.35610938,1,1,210.24695064,1
1812,0.48998704,0.60094963,0.54165959,0.34582017,0.57598916,11.92491268,11.96249368,1,1,210.24695064,1
1813,0.49186886,0.57453974,0.53262089,0.38890376,0.59446938,11.98202393,12.02086682,1,1,210.24695064,1
1814,0.49520895,0.57154921,0.52604109,0.35112787,0.61257999,12.20528894,12.28463123,1,1,210.24695064,1
1815,0.507312,0.55439359,0.53271573,0.39410531,0.59926573,12.00245643,12.11527526,1,1,210.24695064,1
1816,0.51010603,0.55555045,0.53758447,0.35899793,0.61726575,11.85046145,11.87770326,1,1,210.24695064,1
1817,0.50378011,0.55760513,0.5395191,0.35887565,0.59525683,11.93398264,11.97908771,1,1,210.24695064,1
1818,0.52013955,0.53030277,0.53983698,0.32169814,0.57368656,12.15988747,12.21840109,1,1,210.24695064,1
1819,0.51677007,0.5266305,0.5221675,0.28526436,0.55222903,12.50080314,12.61130272,1,1,210.24695064,1
1820,0.52553538,0.51963986,0.54449595,0.32955907,0.57118437,11.94042155,12.01625358,1,1,210.24695064,1
1821,0.5267992,0.51764178,0.54486038,0.37296789,0.58976039,12.05971376,12.06831072,1,1,210.24695064,1
1822,0.59244076,0.53707283,0.54850253,0.33643408,0.60572465,12.34641264,12.34674121,1,1,210.24695064,1
1823,0.57036023,0.53727412,0.54747932,0.29970696,0.58375658,12.32103562,12.39135329,1,1,210.24695064,1
1824,0.56737102,0.54279735,0.56061754,0.34371273,0.56210782,12.10501133,12.21916973,1,1,210.24695064,1
1825,0.58883341,0.56409261,0.55779688,0.30684103,0.58067821,12.03856046,12.12181255,1,1,210.24695064,1
1826,0.59173278,0.58841315,0.55645601,0.27424563,0.59807366,11.61390711,11.67334552,1,1,210.24695064,1
1827,0.58028641,0.58974098,0.56074357,0.23876125,0.57644613,11.88527406,11.98782583,1,1,210.24695064,1
1828,0.57617789,0.58039015,0.56183194,0.2839856,0.5786597,12.08577137,12.13629614,1,1,210.24695064,1
1829,0.57689679,0.5831686,0.56205113,0.3283024,0.55809806,12.14419798,12.14865397,1,1,210.24695064,1
1830,0.5443298,0.55848371,0.58644574,0.37173634,0.53694748,12.04222142,12.14794777,1,1,210.24695064,1
1831,0.53737078,0.57836338,0.58005672,0.33430315,0.51620853,12.01082606,12.02807595,1,1,210.24695064,1
1832,0.55319792,0.56543964,0.57335605,0.2976269,0.49814481,12.38700802,12.46284772,1,1,210.24695064,1
1833,0.53644545,0.56182234,0.58711674,0.34167269,0.4786135,12.45248639,12.50275696,1,1,210.24695064,1
1834,0.52203209,0.55482615,0.57786042,0.37407721,0.49904123,12.11975814,12.22913092,1,1,210.24695064,1
1835,0.54682313,0.52713459,0.55627583,0.33690396,0.47906063,11.83424238,11.8991852,1,1,210.24695064,1
1836,0.53484156,0.51384881,0.56633428,0.30262089,0.4994794,12.15848032,12.23085144,1,1,210.24695064,1
1837,0.54499476,0.52706049,0.56137418,0.26657342,0.51948968,11.96515156,12.06428742,1,1,210.24695064,1
1838,0.54425195,0.52575683,0.56111136,0.31124192,0.50114075,11.75018714,11.8160935,1,1,210.24695064,1
1839,0.58374033,0.51971976,0.56039662,0.32726134,0.48808245,12.46549514,12.50715104,1,1,210.24695064,1
1840,0.58658247,0.52506736,0.57968985,0.29072074,0.49355675,12.09642149,12.17104744,1,1,210.24695064,1
1841,0.59283071,0.5425297,0.56446823,0.33490632,0.47368562,11.5462252,11.65157359,1,1,210.24695064,1
1842,0.58202335,0.57111641,0.57251029,0.37820819,0.48565044,12.02539831,12.07372185,1,1,210.24695064,1
1843,0.56929907,0.56045681,0.58575725,0.35525728,0.46594091,12.0110558,12.06109634,1,1,210.24695064,1
1844,0.57723745,0.58927509,0.58763338,0.37830861,0.48655119,12.28478338,12.29665483,1,1,210.24695064,1
1845,0.56398485,0.57436032,0.56261868,0.34074244,0.46682505,12.31402415,12.31933295,1,1,210.24695064,1
1846,0.55707358,0.58972058,0.56167182,0.30392759,0.44749342,12.35667848,12.44337284,1,1,210.24695064,1
1847,0.55612949,0.58678029,0.56164498,0.26801841,0.42968646,12.01799034,12.03631922,1,1,210.24695064,1
1848,0.58365343,0.52426629,0.56727165,0.31265574,0.41109279,11.86620618,11.95065091,1,1,210.24695064,1
1849,0.55362668,0.53515218,0.58796049,0.31507491,0.43287087,11.88059826,11.96372425,1,1,210.24695064,1
1850,0.54334083,0.52643841,0.57975168,0.27877342,0.4509704,12.30490194,12.38355656,1,1,210.24695064,1
1851,0.55070673,0.55012559,0.57686831,0.24319795,0.43198886,12.2039483,12.30534044,1,1,210.24695064,1
1852,0.54178398,0.56741117,0.55576735,0.2732896,0.41397741,12.01579688,12.02178858,1,1,210.24695064,1
1853,0.53697729,0.57664811,0.57351787,0.31782378,0.43481958,11.77828864,11.89279218,1,1,210.24695064,1
1854,0.53710016,0.57837377,0.57317527,0.3614673,0.41612324,12.10607018,12.20930073,1,1,210.24695064,1
1855,0.49802442,0.54784963,0.58821864,0.32431802,0.39831911,11.63974626,11.72113303,1,1,210.24695064,1
1856,0.50963738,0.54429987,0.5994684,0.28783554,0.38691652,12.0977623,12.11644776,1,1,210.24695064,1
1857,0.51141775,0.54086576,0.57096808,0.25229928,0.40882565,11.86137007,11.87208221,1,1,210.24695064,1
1858,0.50316453,0.54066988,0.57131753,0.29691613,0.43064893,11.9592501,12.06967114,1,1,210.24695064,1
1859,0.50761356,0.54284453,0.56524519,0.41377506,0.49471061,12.03595064,12.14905142,1,1,210.24695064,0
1860,0.50484144,0.53804322,0.56427166,0.2965133,0.43643535,12.21108287,12.23453518,1,1,210.24695064,0
1861,0.50548573,0.53749675,0.56465755,0.42054999,0.38050508,12.13745617,12.21959877,1,1,210.24695064,0
1862,0.46113,0.47204148,0.51550068,0.54213899,0.32209408,11.95170896,12.0417153,1,1,210.24695064,0
1863,0.43054264,0.42639371,0.45582718,0.42129712,0.3812513,12.21602702,12.24177067,1,1,210.24695064,0
1864,0.42451028,0.32617987,0.34704346,0.51407954,0.32842248,12.17646252,12.25263078,1,1,210.24695064,0
1865,0.4304867,0.27571149,0.28925652,0.39379795,0.37487166,11.94422629,11.98280643,1,1,210.24695064,0
1866,0.40795347,0.22966351,0.2497625,0.42226979,0.43690345,12.35739122,12.4726284,1,1,210.24695064,0
1867,0.40764464,0.23301614,0.24960658,0.54334336,0.38143901,11.83335607,11.8875194,1,1,210.24695064,0
1868,0.4938597,0.32244794,0.31964065,0.43591114,0.34148219,12.03916517,12.04274874,1,1,210.24695064,0
1869,0.52338411,0.3842547,0.37332052,0.31796123,0.28276512,12.07894845,12.10545471,1,1,210.24695064,0
1870,0.53980922,0.47336216,0.47293493,0.20697592,0.2264059,11.96955361,12.06428306,1,1,210.24695064,0
1871,0.59327714,0.55283322,0.53485377,0.33277915,0.17226903,12.31486186,12.35413376,1,1,210.24695064,0
1872,0.59496523,0.62902752,0.61671831,0.39555555,0.23521344,12.30888345,12.31033633,1,1,210.24695064,0
1873,0.61814292,0.64358183,0.67148959,0.27786436,0.26682805,12.21467354,12.21739528,1,1,210.24695064,0
1874,0.61860632,0.64439648,0.67135855,0.40230707,0.33072243,12.27379845,12.3665089,1,1,210.24695064,0
1875,0.55590985,0.59329686,0.57830667,0.52426089,0.35860633,11.72740513,11.80838926,1,1,210.24695064,0
1876,0.44438218,0.60521433,0.45164605,0.64377567,0.3532852,12.26780081,12.34334095,1,1,210.24695064,0
1877,0.32636308,0.6169509,0.2731237,0.75569416,0.41040589,12.02843415,12.05725406,1,1,210.24695064,0
1878,0.22179665,0.63833915,0.14588133,0.79208422,0.34529217,12.14619012,12.19060526,1,1,210.24695064,0
1879,0.15746127,0.65850623,0.06307185,0.905849,0.28015484,11.74407557,11.82464662,1,1,210.24695064,0
1880,0.15773058,0.65771866,0.06315093,1,0.21732198,12.1136841,12.18187753,1,1,210.24695064,0
1881,0.16616799,0.6551729,0.13995308,0.87108089,0.15091839,11.60512278,11.65773251,1,1,210.24695064,0
1882,0.21853812,0.58291976,0.22260337,0.74365941,0.08349677,12.39048931,12.49293863,1,1,210.24695064,0
1883,0.28665459,0.50993924,0.3281852,0.85878611,0.13529402,11.88156767,11.98213497,1,1,210.24695064,0
1884,0.34862041,0.41512885,0.44890778,0.73166935,0.0681183,12.0319088,12.09341961,1,1,210.24695064,0
1885,0.41540748,0.3344685,0.53961072,0.84673917,0.00348836,11.86653617,11.86974275,1,1,210.24695064,0
1886,0.46501859,0.28145971,0.61204969,0.77713027,0,12.08748737,12.17020856,1,1,210.24695064,0
1887,0.49986088,0.22896704,0.6837495,0.65159651,0,11.97645465,12.03177369,1,1,210.24695064,0
1888,0.49973217,0.23242439,0.68406823,0.76856321,0.05696807,11.74882427,11.7807424,1,1,210.24695064,0
1889,0.58786508,0.31425781,0.66423461,0.8776055,0,12.03558936,12.13687097,1,1,210.24695064,0
1890,0.61791608,0.37666882,0.58584382,0.98983876,0.05244484,11.96442335,12.02328626,1,1,210.24695064,0
1891,0.62247337,0.46571499,0.53444512,0.8613109,0.10242037,11.92578215,11.99736358,1,1,210.24695064,0
1892,0.68372694,0.5626309,0.45584652,0.73408582,0.15167241,11.97505465,12.01932581,1,1,210.24695064,0
1893,0.67332738,0.62212055,0.39892238,0.68940423,0.13863896,12.27251388,12.35105769,1,1,210.24695064,1
1894,0.69599932,0.66396643,0.36219358,0.72561506,0.12898034,11.84059062,11.94058684,1,1,210.24695064,1
1895,0.69636315,0.66144038,0.36190681,0.76103218,0.13501299,12.0984824,12.10153411,1,1,210.24695064,1
1896,0.6995122,0.58963009,0.36362219,0.72263939,0.1271463,12.16314105,12.25332414,1,1,210.24695064,1
1897,0.68079007,0.58413663,0.37462003,0.75814463,0.15459702,11.97288245,12.03587527,1,1,210.24695064,1
1898,0.69582013,0.61810906,0.3859888,0.71301269,0.18150508,12.35250537,12.43419764,1,1,210.24695064,1
1899,0.67613594,0.61357951,0.38119311,0.74870762,0.16789678,11.69235903,11.70608237,1,1,210.24695064,1
1900,0.6505198,0.60107328,0.379171,0.7086634,0.19453851,12.22390003,12.2473835,1,1,210.24695064,1
1901,0.65044099,0.61390363,0.38221688,0.66449013,0.22064772,12.08877562,12.11243484,1,1,210.24695064,1
1902,0.64353303,0.63065418,0.39187278,0.70105983,0.24623477,12.28828339,12.33648894,1,1,210.24695064,1
1903,0.6236678,0.64578617,0.38445045,0.71715932,0.23131028,11.67879386,11.78444038,1,1,210.24695064,1
1904,0.61703958,0.64876452,0.4003968,0.68851329,0.21674145,12.25397375,12.25484292,1,1,210.24695064,1
1905,0.61724193,0.65027379,0.40055444,0.64474309,0.24240614,12.01685451,12.05566149,1,1,210.24695064,1
1906,0.60964934,0.58139753,0.40536717,0.68184819,0.2276452,11.91049342,11.94540245,1,1,210.24695064,1
1907,0.61009513,0.59706898,0.42709909,0.63821125,0.21309233,12.46690268,12.52477871,1,1,210.24695064,1
1908,0.57791124,0.5805588,0.42662151,0.59550136,0.23819964,11.89230905,11.9897021,1,1,210.24695064,1
1909,0.57502077,0.597089,0.41100046,0.63071271,0.26342026,11.89286531,11.96015862,1,1,210.24695064,1
1910,0.57303817,0.59908081,0.41648296,0.58809846,0.28536472,12.47091884,12.51994691,1,1,210.24695064,1
1911,0.56473997,0.58777936,0.4342141,0.54633651,0.30965492,12.27321123,12.35027283,1,1,210.24695064,1
1912,0.5295379,0.60104852,0.43870261,0.58540973,0.29849806,11.78936057,11.82221394,1,1,210.24695064,1
1913,0.5408861,0.60783051,0.43271785,0.54370156,0.3225278,12.03806111,12.08753856,1,1,210.24695064,1
1914,0.54005885,0.60813638,0.43295137,0.58177811,0.30607724,11.92737753,12.02588589,1,1,210.24695064,1
1915,0.54612047,0.54668084,0.44194195,0.54014255,0.2985102,12.11191982,12.22960765,1,1,210.24695064,1
1916,0.52435678,0.56593753,0.46363994,0.4993397,0.28255724,11.86004343,11.97744229,1,1,210.24695064,1
1917,0.50193754,0.56551669,0.46096528,0.53935291,0.3069061,12.10903813,12.13763868,1,1,210.24695064,1
1918,0.52283142,0.55562136,0.44410966,0.57856585,0.29077285,12.13040594,12.14095312,1,1,210.24695064,1
1919,0.49604883,0.58525922,0.46625539,0.60375921,0.28493624,12.08383228,12.08556129,1,1,210.24695064,1
1920,0.49615433,0.58766522,0.46635862,0.60242454,0.27223739,11.96184803,11.98870662,1,1,210.24695064,1
1921,0.46768365,0.61626042,0.47847752,0.56037985,0.256793,12.05846609,12.12930687,1,1,210.24695064,1
1922,0.47591673,0.58148749,0.47235957,0.51917227,0.24253435,12.10027069,12.14043657,1,1,210.24695064,1
1923,0.47939953,0.57525798,0.48733728,0.4908106,0.22768389,12.02162776,12.1275439,1,1,210.24695064,1
1924,0.48288673,0.5796633,0.48936678,0.45099457,0.25312946,12.32531909,12.41144277,1,1,210.24695064,1
1925,0.4885464,0.57206872,0.47067819,0.49195834,0.23806687,12.22785333,12.23383955,1,1,210.24695064,1
1926,0.50315421,0.57269457,0.48601907,0.45255313,0.2633054,12.29737394,12.35407159,1,1,210.24695064,1
1927,0.50325833,0.57261024,0.48596094,0.49350206,0.26721912,11.94465558,11.98881625,1,1,210.24695064,1
1928,0.47815144,0.56817376,0.49692483,0.53359266,0.25842988,11.69840996,11.70123517,1,1,210.24695064,1
1929,0.4704215,0.55026385,0.48794602,0.56956659,0.24338913,11.98202702,11.99410258,1,1,210.24695064,1
1930,0.46559982,0.56620976,0.49302582,0.6081749,0.22852148,11.96219059,12.05026411,1,1,210.24695064,1
1931,0.47104827,0.54283048,0.50950319,0.56723879,0.21396222,11.93272576,11.94474277,1,1,210.24695064,1
1932,0.48158254,0.55384401,0.49227173,0.60589401,0.23924892,12.11003939,12.23022458,1,1,210.24695064,1
1933,0.48277681,0.55337356,0.49215357,0.5748969,0.26446394,12.06521959,12.1758863,1,1,210.24695064,1
1934,0.4634824,0.58007057,0.4947676,0.53404241,0.24917466,11.92468529,11.95468022,1,1,210.24695064,1
1935,0.48141363,0.58641526,0.50466101,0.49530245,0.27419117,12.19075461,12.25786972,1,1,210.24695064,1
1936,0.48697979,0.56238924,0.49892107,0.48659096,0.25870735,12.15125437,12.23649416,1,1,210.24695064,1
1937,0.49418873,0.55440303,0.51163239,0.44692229,0.24886439,12.10406536,12.19953544,1,1,210.24695064,1
1938,0.48446177,0.56069822,0.5170155,0.47046896,0.27388709,12.36954249,12.39747548,1,1,210.24695064,1
1939,0.48657768,0.53655883,0.52211018,0.43611425,0.27316039,11.65578502,11.67754287,1,1,210.24695064,1
1940,0.48586633,0.53802355,0.52208628,0.39739237,0.25769739,12.07092398,12.10460948,1,1,210.24695064,1
1941,0.47916463,0.56999227,0.54964339,0.35944452,0.24260149,12.13500232,12.23223898,1,1,210.24695064,1
1942,0.48598185,0.57138408,0.54120827,0.40221649,0.25438802,11.90082469,11.94799795,1,1,210.24695064,1
1943,0.47815251,0.55317534,0.53146773,0.36417219,0.23930026,11.76179109,11.80687293,1,1,210.24695064,1
1944,0.50120515,0.52956101,0.53730777,0.36504199,0.22452259,11.99940469,12.10092381,1,1,210.24695064,1
1945,0.49817503,0.54881885,0.52582906,0.40492211,0.25002633,11.61622797,11.6860589,1,1,210.24695064,1
1946,0.51815621,0.5197663,0.54729386,0.43660949,0.23519558,11.89880361,11.90625183,1,1,210.24695064,1
1947,0.51883574,0.52046931,0.54758914,0.39809869,0.22049621,12.05722532,12.10119367,1,1,210.24695064,1
1948,0.47655179,0.50710689,0.57489711,0.44013581,0.20608629,12.11187639,12.16276289,1,1,210.24695064,1
1949,0.49698004,0.49866482,0.57366165,0.46788814,0.23196371,12.02884397,12.05347115,1,1,210.24695064,1
1950,0.47588164,0.50741295,0.54418468,0.50619269,0.25730962,11.89447853,11.9991819,1,1,210.24695064,1
1951,0.47409913,0.50114862,0.57036198,0.46606934,0.26207099,11.99603846,12.0794836,1,1,210.24695064,1
1952,0.47803829,0.47163606,0.55205566,0.45643324,0.28682957,12.25031421,12.33458697,1,1,210.24695064,1
1953,0.48006016,0.4815499,0.54150219,0.41730473,0.27109298,11.86778442,11.9354562,1,1,210.24695064,1
1954,0.4837429,0.4770989,0.5589473,0.37895879,0.25568525,12.3610824,12.38221035,1,1,210.24695064,1
1955,0.48427071,0.47812856,0.55898754,0.34153701,0.28057154,12.15380271,12.26656025,1,1,210.24695064,1
1956,0.55950891,0.49723351,0.57032682,0.38467601,0.27730701,12.2881987,12.29912244,1,1,210.24695064,1
1957,0.54811886,0.52020312,0.58568483,0.34721461,0.30176087,12.31450258,12.42588087,1,1,210.24695064,1
1958,0.53240423,0.52405488,0.57601963,0.31702845,0.32572565,11.89241761,11.95060668,1,1,210.24695064,1
1959,0.55463533,0.52083637,0.56102481,0.28068788,0.34918007,12.05707118,12.15332982,1,1,210.24695064,1
1960,0.52990458,0.54657579,0.56971729,0.24507487,0.37219647,12.17701346,12.20640604,1,1,210.24695064,1
1961,0.54620488,0.52456221,0.56264153,0.29017337,0.39474899,12.22457739,12.25186092,1,1,210.24695064,1
1962,0.54717925,0.52401514,0.56268789,0.25572996,0.37994651,11.89381955,11.8992627,1,1,210.24695064,1
1963,0.58690277,0.48390915,0.59309962,0.30061243,0.38818877,12.05142772,12.1158073,1,1,210.24695064,1
1964,0.55428618,0.48406278,0.58892717,0.28623459,0.4091307,12.46013587,12.55213742,1,1,210.24695064,1
1965,0.56434863,0.50957816,0.576443,0.33039109,0.43094809,12.06698476,12.10227711,1,1,210.24695064,1
1966,0.54596901,0.51707795,0.57429967,0.29378435,0.41232913,12.19889847,12.31756968,1,1,210.24695064,1
1967,0.52942462,0.51166203,0.56653783,0.30888365,0.39408255,12.19514027,12.24992657,1,1,210.24695064,1
1968,0.52922897,0.51472802,0.56613972,0.35270598,0.41620086,11.90600275,11.96438903,1,1,210.24695064,1
1969,0.50139118,0.48225566,0.59328644,0.31899066,0.39979436,12.05908311,12.1396585,1,1,210.24695064,1
1970,0.51710744,0.50010067,0.59132371,0.3626108,0.42173131,11.79781638,11.79889254,1,1,210.24695064,1
1971,0.51365871,0.48838933,0.56188869,0.32544019,0.4032967,12.2702845,12.27128107,1,1,210.24695064,1
1972,0.50293455,0.48072918,0.55154836,0.28908988,0.3852464,12.15687994,12.21036004,1,1,210.24695064,1
1973,0.49315454,0.48882119,0.57695902,0.33290322,0.36754291,12.11880266,12.16013727,1,1,210.24695064,1
1974,0.49339155,0.49034202,0.57690224,0.31894992,0.39019153,11.96435257,11.97303226,1,1,210.24695064,1
1975,0.52869936,0.50849037,0.58429661,0.34048434,0.4123877,12.02370775,12.0285184,1,1,210.24695064,1
1976,0.54363259,0.50938505,0.59947212,0.38338732,0.3942282,11.91346755,11.92664975,1,1,210.24695064,1
1977,0.55099273,0.5219579,0.57064637,0.42571609,0.3763437,11.96012294,12.0507142,1,1,210.24695064,1
1978,0.53078209,0.5268075,0.58804509,0.38720181,0.35881686,11.98678867,12.1042277,1,1,210.24695064,1
1979,0.54744882,0.53198778,0.58594286,0.42945717,0.38163679,12.22128351,12.33352248,1,1,210.24695064,1
1980,0.548411,0.54357537,0.56520373,0.39104766,0.40400072,11.96653351,12.03877785,1,1,210.24695064,1
1981,0.54856603,0.54031885,0.56524105,0.43321555,0.38592098,12.01702374,12.03637371,1,1,210.24695064,1
1982,0.52139318,0.53426799,0.56796756,0.39456808,0.40820223,11.63871833,11.75153834,1,1,210.24695064,1
1983,0.5369802,0.53279243,0.56666159,0.4365638,0.43003723,11.84445585,11.9594561,1,1,210.24695064,1
1984,0.53907459,0.53496301,0.58070187,0.39783252,0.45143648,11.80173219,11.8889942,1,1,210.24695064,1
1985,0.52846751,0.52631888,0.56936647,0.35988183,0.4324084,11.80980517,11.84870805,1,1,210.24695064,1
1986,0.54161226,0.5018699,0.58075465,0.38298217,0.43984744,12.12721824,12.14115163,1,1,210.24695064,1
1987,0.53155821,0.4869852,0.58668803,0.3481417,0.42105074,11.92205313,11.93376481,1,1,210.24695064,1
1988,0.52243248,0.4995213,0.58480269,0.36580653,0.44262948,11.93087483,11.94633225,1,1,210.24695064,1
1989,0.54196365,0.49707696,0.57487146,0.40811279,0.42380591,11.92184984,11.92357906,1,1,210.24695064,1
1990,0.54227054,0.4971443,0.57495748,0.37369411,0.40532992,12.14953569,12.19558012,1,1,210.24695064,1
1991,0.53632125,0.42457645,0.58240775,0.41620581,0.42629552,11.95630035,11.99414608,1,1,210.24695064,1
1992,0.52646906,0.43407035,0.5717323,0.43955203,0.40815728,11.87107163,11.98519269,1,1,210.24695064,1
1993,0.53063864,0.44293344,0.57976411,0.48076099,0.38999414,12.2020409,12.20862358,1,1,210.24695064,1
1994,0.50813987,0.45775047,0.57735641,0.52114577,0.41219418,12.01309492,12.07444978,1,1,210.24695064,1
1995,0.51514178,0.45726677,0.56029637,0.480881,0.39395324,12.21293333,12.2416197,1,1,210.24695064,1
1996,0.51561485,0.45698891,0.56030881,0.44126338,0.41607416,11.92957668,12.0396867,1,1,210.24695064,1
1997,0.56436154,0.46617489,0.58023883,0.40247852,0.43223032,12.09523451,12.18839333,1,1,210.24695064,1
1998,0.5490786,0.47220848,0.58647047,0.44442895,0.41670119,12.15086898,12.2667835,1,1,210.24695064,1
1999,0.54823577,0.49102603,0.57986135,0.48547205,0.43830922,12.13775789,12.24320182,1,1,210.24695064,1
2000,0.55301792,0.48837337,0.56725451,0.44606538,0.45954204,12.14535637,12.22779446,1,1,210.24695064,1
2001,0.53201383,0.49387435,0.56295485,0.4083877,0.48032922,12.07937613,12.18708063,1,1,210.24695064,1
2002,0.53004274,0.50680204,0.56235119,0.44791722,0.50072264,11.95675246,11.95972214,1,1,210.24695064,1
2003,0.52953504,0.51189259,0.56212808,0.40895888,0.51957458,11.97823706,11.97905657,1,1,210.24695064,1
2004,0.52384947,0.49750271,0.57514923,0.4507791,0.51590303,12.03455016,12.14865059,1,1,210.24695064,1
2005,0.49908213,0.48963833,0.58325758,0.49176154,0.53543992,11.70304719,11.71647673,1,1,210.24695064,1
2006,0.49542752,0.50296867,0.58797388,0.51572019,0.51490973,11.74227616,11.77074039,1,1,210.24695064,1
2007,0.4997135,0.4929844,0.57061686,0.5552325,0.49461158,12.23431624,12.34600819,1,1,210.24695064,1
2008,0.5061858,0.48619217,0.58663283,0.51752836,0.51420434,12.07064814,12.08017376,1,1,210.24695064,1
2009,0.48974787,0.47020574,0.57974395,0.55717779,0.49392028,11.94831661,11.97413222,1,1,210.24695064,1
2010,0.49872437,0.46161935,0.57259602,0.51614623,0.47404963,12.13329077,12.17810663,1,1,210.24695064,1
2011,0.49784511,0.46096465,0.57231946,0.55581837,0.45507129,11.88394856,11.95947653,1,1,210.24695064,1
2012,0.4617152,0.48817048,0.5756573,0.59148909,0.43882831,12.20149543,12.26451055,1,1,210.24695064,1
2013,0.47942523,0.47025896,0.57762163,0.62965931,0.46005055,12.17971691,12.21812536,1,1,210.24695064,1
2014,0.47438225,0.45087086,0.56795243,0.58759484,0.44085694,11.98305128,12.04559459,1,1,210.24695064,1
2015,0.48004136,0.44479373,0.53851105,0.60896416,0.45092745,11.84739211,11.85768274,1,1,210.24695064,1
2016,0.48274207,0.44963117,0.54480119,0.64676025,0.4319089,11.98265867,12.02919903,1,1,210.24695064,1
2017,0.48315712,0.44962419,0.54502552,0.68382444,0.45147062,12.05799957,12.10669234,1,1,210.24695064,1
2018,0.52917827,0.45485705,0.54733372,0.72012139,0.43244121,11.98740717,12.04756705,1,1,210.24695064,1
2019,0.51702898,0.45813702,0.56451504,0.75565088,0.41379239,11.89925661,11.90198332,1,1,210.24695064,1
2020,0.52851263,0.47672617,0.53953222,0.71056315,0.42017024,11.91275968,11.9233209,1,1,210.24695064,1
2021,0.50813386,0.47242551,0.54604685,0.66635189,0.43049475,11.99182938,12.03141033,1,1,210.24695064,1
2022,0.50292552,0.47157284,0.54112601,0.54305291,0.48716771,11.93400795,12.00874675,1,1,210.24695064,0
2023,0.50273248,0.46855246,0.54084665,0.42226359,0.42701225,12.2359342,12.28855807,1,1,210.24695064,0
2024,0.56516314,0.53542918,0.52545185,0.30679453,0.38096025,11.89451614,11.91247475,1,1,210.24695064,0
2025,0.54473241,0.61170589,0.52932531,0.19066104,0.32482436,11.90669945,11.9084721,1,1,210.24695064,0
2026,0.55684912,0.68201357,0.49670177,0.22166941,0.27101141,12.47371049,12.52684604,1,1,210.24695064,0
2027,0.54751225,0.77692645,0.4707675,0.16781949,0.33657802,11.95010471,11.98037071,1,1,210.24695064,0
2028,0.54068558,0.85952158,0.43713289,0.05515326,0.28322298,12.06959299,12.13514268,1,1,210.24695064,0
2029,0.52026867,0.89269936,0.44769692,0.18405019,0.23659671,11.80311861,11.85775519,1,1,210.24695064,0
2030,0.52068669,0.89553445,0.44755237,0.0930136,0.18292784,11.69523129,11.77973466,1,1,210.24695064,0
2031,0.47351861,0.86961061,0.48571233,0,0.25106756,12.01036067,12.12358004,1,1,210.24695064,0
2032,0.46798717,0.7644217,0.48006676,0,0.31860107,12.08108229,12.17246533,1,1,210.24695064,0
2033,0.44477866,0.7124447,0.50159091,0,0.388599,12.04636057,12.16392953,1,1,210.24695064,0
2034,0.4322912,0.6198131,0.51562845,0,0.458599,11.78119491,11.88232776,1,1,210.24695064,0
2035,0.42804032,0.56814974,0.55236135,0.13,0.4085996,11.88474912,11.91570158,1,1,210.24695064,0
2036,0.43155077,0.5237261,0.53474299,0.01749821,0.47391975,12.02043509,12.10332975,1,1,210.24695064,0
2037,0.43278529,0.52342648,0.53490863,0.14714825,0.52567619,11.95061138,12.02937583,1,1,210.24695064,0
2038,0.5380003,0.63558415,0.539325,0.27419361,0.58965517,11.75385964,11.77554868,1,1,210.24695064,0
2039,0.63375153,0.63233765,0.52055696,0.39850811,0.64337276,12.4461825,12.46981289,1,1,210.24695064,0
2040,0.75870234,0.65737374,0.52457197,0.51848229,0.66038447,11.77510234,11.77657265,1,1,210.24695064,0
2041,0.86592016,0.66868411,0.52301032,0.63811264,0.71944639,11.8340881,11.85543189,1,1,210.24695064,0
2042,0.89160552,0.69199119,0.51669788,0.67522408,0.73505553,11.8749993,11.95848766,1,1,210.24695064,1
2043,0.89165718,0.69020818,0.5166012,0.7117196,0.75035306,11.76197112,11.85349848,1,1,210.24695064,1
2044,0.9267009,0.64731853,0.5396527,0.7474852,0.75360503,12.09362538,12.18827025,1,1,210.24695064,1
2045,0.91506494,0.66628976,0.53386514,0.74768322,0.72853293,12.25482263,12.26808773,1,1,210.24695064,1
2046,0.87088021,0.65526908,0.53014028,0.78271993,0.70396227,12.12967853,12.24757111,1,1,210.24695064,1
2047,0.88098237,0.6785096,0.52422683,0.81706547,0.71988302,12.0103887,12.10573613,1,1,210.24695064,1
2048,0.87642485,0.65559872,0.54088667,0.77072583,0.73546404,12.13659127,12.20728801,1,1,210.24695064,1
2049,0.82875948,0.67235613,0.51597077,0.72531131,0.73656748,12.03970312,12.13354803,1,1,210.24695064,1
2050,0.82893161,0.65397816,0.51563394,0.68080933,0.75164107,11.79553793,11.89279827,1,1,210.24695064,1
2051,0.80702836,0.66327532,0.53008183,0.71656512,0.72661389,11.92763588,11.99711838,1,1,210.24695064,1
2052,0.79810198,0.67074703,0.51749107,0.74841067,0.74208161,12.08822836,12.19566947,1,1,210.24695064,1
2053,0.77812719,0.65767833,0.53359209,0.78344129,0.71723998,12.16132817,12.18486571,1,1,210.24695064,1
2054,0.74382777,0.68288696,0.53432019,0.81615835,0.73289518,12.14375324,12.21101747,1,1,210.24695064,1
2055,0.72651336,0.68306771,0.51866503,0.76983882,0.70823728,12.45081531,12.53246986,1,1,210.24695064,1
2056,0.73076494,0.67455182,0.53168772,0.77477728,0.72379808,12.05397054,12.13916708,1,1,210.24695064,1
2057,0.72990726,0.67578838,0.5318463,0.80928115,0.7393221,12.09520733,12.13397287,1,1,210.24695064,1
2058,0.70331262,0.6320785,0.55244185,0.84305028,0.75452833,11.80524858,11.85346189,1,1,210.24695064,1
2059,0.71762789,0.65391202,0.53875226,0.83856775,0.72948021,12.29413148,12.41254447,1,1,210.24695064,1
2060,0.71392708,0.63396525,0.54924585,0.79190862,0.70490221,12.18150245,12.30289381,1,1,210.24695064,1
2061,0.71103268,0.62433145,0.55261277,0.74607045,0.68083158,12.0519512,12.06477189,1,1,210.24695064,1
2062,0.69155893,0.62264159,0.56026257,0.70114904,0.65721497,11.67334746,11.69836457,1,1,210.24695064,1
2063,0.66775936,0.63615616,0.54323596,0.65712609,0.67407067,12.0883219,12.16593728,1,1,210.24695064,1
2064,0.66557586,0.62285526,0.54365787,0.61398974,0.68590363,12.16367519,12.17814299,1,1,210.24695064,1
2065,0.6226968,0.63182157,0.5297715,0.63706313,0.66889758,11.78167114,11.86289942,1,1,210.24695064,1
2066,0.63169359,0.62851322,0.53693447,0.66312098,0.68551963,11.97196162,12.02312314,1,1,210.24695064,1
2067,0.61469972,0.60570533,0.54221324,0.69967872,0.70180924,12.31721197,12.38031562,1,1,210.24695064,1
2068,0.61449629,0.60451695,0.5422231,0.73568487,0.68558967,12.19689931,12.27387294,1,1,210.24695064,1
2069,0.60255764,0.56797243,0.5434874,0.77080928,0.70185931,12.33249581,12.36367517,1,1,210.24695064,1
2070,0.60460631,0.56705646,0.55809356,0.74765432,0.71684164,11.70588985,11.71206455,1,1,210.24695064,1
2071,0.59428743,0.58128643,0.5447174,0.78267988,0.69251391,11.780061,11.79338865,1,1,210.24695064,1
2072,0.58209057,0.55879848,0.53868051,0.80419686,0.70866363,12.36197177,12.41932351,1,1,210.24695064,1
2073,0.55528639,0.56441657,0.54251262,0.83809602,0.68453623,12.04954194,12.12266468,1,1,210.24695064,1
2074,0.55445458,0.54576709,0.54035013,0.81835348,0.70084551,12.04189295,12.07509217,1,1,210.24695064,1
2075,0.56433637,0.55411741,0.56033498,0.77278187,0.71675522,12.01723736,12.10746695,1,1,210.24695064,1
2076,0.56480977,0.54990539,0.56002307,0.807326,0.73169816,11.68000925,11.72340069,1,1,210.24695064,1
2077,0.582147,0.52089872,0.55827329,0.79208351,0.74704314,12.13494869,12.23322262,1,1,210.24695064,1
2078,0.56504891,0.54184719,0.56975585,0.82624183,0.72656236,11.88406947,11.95775701,1,1,210.24695064,1
2079,0.56038839,0.52995877,0.56486824,0.81315384,0.74183911,12.13460558,12.24214671,1,1,210.24695064,1
2080,0.53568398,0.54274201,0.57689855,0.84357456,0.75700233,11.69885859,11.73536653,1,1,210.24695064,1
2081,0.53589367,0.5476421,0.58109187,0.87670307,0.77186228,12.19242446,12.24947074,1,1,210.24695064,1
2082,0.54939621,0.56836881,0.55728454,0.82916901,0.74642503,12.11071699,12.13014399,1,1,210.24695064,1
2083,0.54865075,0.56707811,0.55706124,0.78258563,0.76149034,11.89587614,12.00182836,1,1,210.24695064,1
2084,0.5203063,0.55362851,0.56851515,0.81687024,0.73626053,11.87702688,11.9589465,1,1,210.24695064,1
2085,0.50171286,0.55677893,0.57459421,0.77054344,0.75153531,12.06821764,12.15023276,1,1,210.24695064,1
2086,0.50894012,0.53647893,0.56177187,0.72518935,0.76556498,11.90689352,11.97499843,1,1,210.24695064,1
2087,0.52556348,0.55380788,0.58245981,0.75991183,0.74025368,12.08674158,12.08869663,1,1,210.24695064,1
2088,0.52716425,0.54299491,0.561247,0.71471405,0.71550227,12.32170336,12.37268637,1,1,210.24695064,1
2089,0.50429411,0.5205892,0.58284447,0.67042116,0.72958255,12.09817294,12.19428483,1,1,210.24695064,1
2090,0.51718176,0.51728013,0.57092443,0.70700724,0.7049909,12.47462638,12.54901848,1,1,210.24695064,1
2091,0.53112621,0.49992936,0.57505659,0.74286689,0.72085615,12.09494522,12.18365704,1,1,210.24695064,1
2092,0.53157397,0.50205329,0.57532555,0.69803152,0.7358556,12.10394331,12.16781082,1,1,210.24695064,1
2093,0.53026084,0.46300947,0.59243415,0.73083458,0.71163374,11.87071248,11.91005067,1,1,210.24695064,1
2094,0.53484657,0.46692474,0.56846208,0.6862179,0.70610464,11.88167351,11.90208139,1,1,210.24695064,1
2095,0.52900898,0.47111843,0.57009489,0.64250032,0.68199416,12.08865982,12.13747673,1,1,210.24695064,1
2096,0.51621593,0.47938297,0.57803203,0.59965031,0.65836134,12.04519743,12.08911478,1,1,210.24695064,1
2097,0.50734192,0.48361797,0.56853985,0.6376573,0.63804633,12.14453406,12.18486229,1,1,210.24695064,1
2098,0.50756778,0.48667842,0.56875439,0.59490415,0.65445775,12.05396034,12.15134215,1,1,210.24695064,1
2099,0.58464655,0.48003948,0.58152991,0.63300607,0.63912522,11.84669071,11.91035929,1,1,210.24695064,1
2100,0.56048767,0.49891397,0.58677293,0.60059852,0.65632562,12.09720709,12.11400009,1,1,210.24695064,1
2101,0.57500257,0.49468277,0.59755292,0.55892476,0.63496715,12.05567535,12.13902131,1,1,210.24695064,1
2102,0.543717,0.51349039,0.57322522,0.59774626,0.65220112,11.90015235,11.9527789,1,1,210.24695064,1
2103,0.54147004,0.53608996,0.5693411,0.55579136,0.63413435,12.36956991,12.4511186,1,1,210.24695064,1
2104,0.53083695,0.53957617,0.55848912,0.59467549,0.6514499,11.95075678,11.96858983,1,1,210.24695064,1
2105,0.5309613,0.54796262,0.57726435,0.63241362,0.6684209,11.87636916,11.91613661,1,1,210.24695064,1
2106,0.53142569,0.54893863,0.57753856,0.58976535,0.64505248,11.99821112,12.02533829,1,1,210.24695064,1
2107,0.59055751,0.51723755,0.58092317,0.61493461,0.66215143,12.11432265,12.14989341,1,1,210.24695064,1
2108,0.58017826,0.5211741,0.57195543,0.62565697,0.63892798,12.28694101,12.32157001,1,1,210.24695064,1
2109,0.55948218,0.52998961,0.58982834,0.66314322,0.61621598,11.63995928,11.71721865,1,1,210.24695064,1
2110,0.54995662,0.54330627,0.5725176,0.69988035,0.59406364,12.03820723,12.06198244,1,1,210.24695064,1
2111,0.5301538,0.54263869,0.58390629,0.655883,0.57218273,12.04179288,12.06043886,1,1,210.24695064,1
2112,0.52968039,0.54467683,0.58378366,0.61276534,0.57246506,12.23102803,12.24893635,1,1,210.24695064,1
2113,0.6024676,0.55223533,0.60480503,0.65051001,0.59094757,12.23973941,12.31073124,1,1,210.24695064,1
2114,0.5948815,0.54328746,0.5863893,0.6198858,0.60912862,12.39971052,12.43207072,1,1,210.24695064,1
2115,0.56885643,0.56479332,0.59596473,0.65748807,0.58696438,12.0321572,12.14988851,1,1,210.24695064,1
2116,0.57074499,0.58253899,0.60374293,0.61485182,0.5652251,11.6915643,11.72030561,1,1,210.24695064,1
2117,0.55533478,0.59596784,0.60032075,0.59865302,0.58190078,11.38690597,11.39616603,1,1,210.24695064,1
2118,0.57084928,0.58072377,0.59266232,0.63655168,0.57694617,11.86553458,11.89566393,1,1,210.24695064,1
2119,0.57019177,0.57715851,0.59248642,0.66673179,0.59540675,11.96617465,12.00654296,1,1,210.24695064,1
2120,0.58378486,0.52792824,0.6185253,0.65377508,0.61349861,11.90530877,11.95084138,1,1,210.24695064,1
2121,0.55146571,0.5364069,0.6096792,0.62050933,0.61565311,11.99523974,12.09303733,1,1,210.24695064,1
2122,0.55147721,0.54921804,0.6038845,0.57818327,0.63322557,12.11900174,12.17273413,1,1,210.24695064,1
2123,0.5301468,0.54817689,0.59894679,0.53661961,0.61056108,12.35254632,12.46467791,1,1,210.24695064,1
2124,0.53905103,0.53022685,0.58296285,0.57588721,0.622873,11.97310264,12.04860056,1,1,210.24695064,1
2125,0.52835892,0.56011101,0.5904107,0.613948,0.60062766,12.00090905,12.07692456,1,1,210.24695064,1
2126,0.52811416,0.56122791,0.59065036,0.57327887,0.57861521,11.96577743,12.02849942,1,1,210.24695064,1
2127,0.56729196,0.55741271,0.61807175,0.61099342,0.55716474,12.07486232,12.12552579,1,1,210.24695064,1
2128,0.58144262,0.58125194,0.61273128,0.64877331,0.5360242,11.90091555,12.00463652,1,1,210.24695064,1
2129,0.56827765,0.5763653,0.6067951,0.6109578,0.51530372,11.8185984,11.87299711,1,1,210.24695064,1
2130,0.54168741,0.58455876,0.6139272,0.64873857,0.49510367,12.1965424,12.24604767,1,1,210.24695064,1
2131,0.56188923,0.59413979,0.58337569,0.60579254,0.51499067,11.94134082,12.03009775,1,1,210.24695064,1
2132,0.55019648,0.59251085,0.58725563,0.64031672,0.49469436,11.90353067,11.96136173,1,1,210.24695064,1
2133,0.55003398,0.59172312,0.58756665,0.59751129,0.51437101,12.07352471,12.16604757,1,1,210.24695064,1
2134,0.53041689,0.58052201,0.59324015,0.55556106,0.49521671,11.64355559,11.65804104,1,1,210.24695064,1
2135,0.51892134,0.56027336,0.60769113,0.58652634,0.51529524,11.92841984,11.96919551,1,1,210.24695064,1
2136,0.50964313,0.56791464,0.5852286,0.62479225,0.49498952,12.05547664,12.08145408,1,1,210.24695064,1
2137,0.52719972,0.57584499,0.59291963,0.65683818,0.4750898,11.8239604,11.86689516,1,1,210.24695064,1
2138,0.49960524,0.55109376,0.60359246,0.61370485,0.49557719,11.94705314,11.96818762,1,1,210.24695064,1
2139,0.50588499,0.56035209,0.57661079,0.57143078,0.51566565,12.19997135,12.27224959,1,1,210.24695064,1
2140,0.51575893,0.54778017,0.5747865,0.61000216,0.53535234,12.01142853,12.03622138,1,1,210.24695064,1
2141,0.51550897,0.54884659,0.57463369,0.5678327,0.53681716,11.94546885,11.96994572,1,1,210.24695064,1
2142,0.48710942,0.54595504,0.60199378,0.58423251,0.55607786,12.09747066,12.19429447,1,1,210.24695064,1
2143,0.48051665,0.53590044,0.6023154,0.62036991,0.57495271,12.09719523,12.16508154,1,1,210.24695064,1
2144,0.48031839,0.54803009,0.60116738,0.57797338,0.59345365,12.1162416,12.14262925,1,1,210.24695064,1
2145,0.47848363,0.5105271,0.56866285,0.61641171,0.61041514,12.34767855,12.43974989,1,1,210.24695064,1
2146,0.49051754,0.52462703,0.56630127,0.65408347,0.58830309,11.99302999,12.0115028,1,1,210.24695064,1
2147,0.48512305,0.51232567,0.57999337,0.61100374,0.60108174,11.88956571,11.96033402,1,1,210.24695064,1
2148,0.48552198,0.49397411,0.57300116,0.56878377,0.60378103,11.8284984,11.85969882,1,1,210.24695064,1
2149,0.48579753,0.49080419,0.57331502,0.52743209,0.58170541,11.95594445,11.97638605,1,1,210.24695064,1
2150,0.54865957,0.53717318,0.59783653,0.51286993,0.5600713,11.99942819,12.07108219,1,1,210.24695064,1
2151,0.54566568,0.52230154,0.58519492,0.47298877,0.53916807,11.91378667,11.93986752,1,1,210.24695064,1
2152,0.54490117,0.54639186,0.59664744,0.51256426,0.51840431,12.12366432,12.24419206,1,1,210.24695064,1
2153,0.55724175,0.53745517,0.59033729,0.4729739,0.53803621,12.27237091,12.39141701,1,1,210.24695064,1
2154,0.53546067,0.55340644,0.56528411,0.43351985,0.55727537,12.28067209,12.28944857,1,1,210.24695064,1
2155,0.5356074,0.57128052,0.59151667,0.47484945,0.53684612,12.24720642,12.35044731,1,1,210.24695064,1
2156,0.53567786,0.57314832,0.59166263,0.43535246,0.55560248,11.97766628,11.98441537,1,1,210.24695064,1
2157,0.51010631,0.57274558,0.61602716,0.47585917,0.53639094,11.81670251,11.81896281,1,1,210.24695064,1
2158,0.51652947,0.57634959,0.60260263,0.43851041,0.55566312,12.32309223,12.42185565,1,1,210.24695064,1
2159,0.5040945,0.54177989,0.59384934,0.4797131,0.53465636,11.77104599,11.79627314,1,1,210.24695064,1
2160,0.51222953,0.55887842,0.60119526,0.4404824,0.51495983,12.20004644,12.25925312,1,1,210.24695064,1
2161,0.52303671,0.53547676,0.60563618,0.40167275,0.53460095,12.09384904,12.13566935,1,1,210.24695064,1
2162,0.5260901,0.5457821,0.60096023,0.36368854,0.55390893,12.11827764,12.11983044,1,1,210.24695064,1
2163,0.52583079,0.54299743,0.60122583,0.32641759,0.57200629,11.76740554,11.8688428,1,1,210.24695064,1
2164,0.52401975,0.51546026,0.59971101,0.36988924,0.55237181,11.92732133,11.97869086,1,1,210.24695064,1
2165,0.50486676,0.51119735,0.60830126,0.33249147,0.54356318,11.83147035,11.93656049,1,1,210.24695064,1
2166,0.49523672,0.51741527,0.58460692,0.37584156,0.52308448,11.89698482,12.01173763,1,1,210.24695064,1
2167,0.48650175,0.52332302,0.59969532,0.41831843,0.50262279,12.2086962,12.25636361,1,1,210.24695064,1
2168,0.49559366,0.53752375,0.58891047,0.45952429,0.52201531,12.03808636,12.07008392,1,1,210.24695064,1
2169,0.49530286,0.53678438,0.58865045,0.42033384,0.54156955,11.81456465,11.82572877,1,1,210.24695064,1
2170,0.532373,0.58118742,0.60644222,0.38192877,0.56073816,12.04513721,12.05262247,1,1,210.24695064,1
2171,0.55202745,0.6104246,0.58967341,0.39877489,0.53953849,11.95322225,12.01953071,1,1,210.24695064,1
2172,0.55335505,0.59226674,0.58296101,0.4407027,0.54915331,12.13603385,12.17963864,1,1,210.24695064,1
2173,0.54379781,0.58248621,0.56257669,0.44762734,0.52957537,12.10128186,12.2144287,1,1,210.24695064,1
2174,0.55628532,0.59999234,0.57522229,0.46296702,0.50898386,12.19340576,12.26974972,1,1,210.24695064,1
2175,0.5559252,0.5990106,0.5755953,0.45527615,0.48881414,12.07037515,12.08470414,1,1,210.24695064,1
2176,0.54786616,0.58072605,0.58122001,0.49585222,0.46903787,12.14932703,12.22472578,1,1,210.24695064,1
2177,0.516315,0.58567455,0.59751103,0.53593518,0.45017145,12.09777138,12.17035474,1,1,210.24695064,1
2178,0.52686301,0.57452611,0.58433664,0.49521924,0.43116802,11.94720895,11.98510584,1,1,210.24695064,1
2179,0.50770466,0.55704964,0.58314918,0.45531717,0.42813714,11.96819295,11.97815181,1,1,210.24695064,1
2180,0.51559587,0.56688841,0.5752892,0.47144144,0.40958799,12.31083916,12.34823854,1,1,210.24695064,1
2181,0.51736902,0.54692987,0.59164087,0.51201256,0.39139623,12.0545321,12.07596701,1,1,210.24695064,1
2182,0.50879748,0.54321423,0.59059038,0.49359127,0.37358147,12.24552003,12.31786237,1,1,210.24695064,1
2183,0.50828808,0.54319838,0.59083711,0.53371944,0.35615145,11.99026323,12.03823562,1,1,210.24695064,1
2184,0.47851331,0.50030959,0.57628771,0.57304505,0.33982615,11.75532154,11.78965842,1,1,210.24695064,1
2185,0.47104237,0.51753029,0.55747428,0.61115498,0.36286491,11.77047183,11.78812076,1,1,210.24695064,1
2186,0.47027101,0.51240235,0.53341896,0.56893196,0.38489002,12.03830206,12.0554345,1,1,210.24695064,1
2187,0.49253642,0.51901334,0.5139931,0.60751031,0.36719232,12.42241631,12.43846043,1,1,210.24695064,1
2188,0.49230124,0.51751188,0.51410071,0.6453601,0.34991192,11.83149759,11.86976437,1,1,210.24695064,1
2189,0.45311587,0.56926534,0.52331646,0.68245167,0.33555251,11.93960494,12.05251444,1,1,210.24695064,1
2190,0.47474383,0.53755359,0.53169279,0.63880264,0.31884978,11.89416398,12.01014973,1,1,210.24695064,1
2191,0.47545554,0.52658212,0.51238822,0.67602658,0.34246066,11.85965401,11.94475658,1,1,210.24695064,1
2192,0.50457593,0.52772,0.54007837,0.71250586,0.36550585,12.42599261,12.4277235,1,1,210.24695064,1
2193,0.49345796,0.53285316,0.51851713,0.6682559,0.38819573,11.64462742,11.67867623,1,1,210.24695064,1
2194,0.49331374,0.5320219,0.51857224,0.62489337,0.3704319,11.8413055,11.89980572,1,1,210.24695064,1
2195,0.55080467,0.56100478,0.52971851,0.66218104,0.354735,12.19986598,12.25747738,1,1,210.24695064,1
2196,0.52974069,0.56886908,0.51933205,0.61893954,0.34890206,12.12676808,12.24462612,1,1,210.24695064,1
2197,0.53562742,0.55441643,0.54056832,0.59568775,0.35690054,12.15324129,12.1705793,1,1,210.24695064,1
2198,0.52971483,0.56838424,0.52865806,0.55409237,0.3557055,11.6072812,11.6968552,1,1,210.24695064,1
2199,0.5422883,0.56976228,0.52302762,0.59301052,0.3785894,11.5053911,11.61647979,1,1,210.24695064,1
2200,0.52248675,0.57053004,0.51512925,0.56419251,0.4010167,12.00357808,12.04365322,1,1,210.24695064,1
2201,0.52265922,0.56960167,0.51533461,0.60290866,0.38304124,12.09932249,12.1449216,1,1,210.24695064,1
2202,0.47572671,0.54888709,0.54292102,0.56085055,0.40537541,11.90206866,11.92143839,1,1,210.24695064,1
2203,0.49057122,0.53470611,0.52226246,0.59963348,0.4272679,12.31884207,12.36138123,1,1,210.24695064,1
2204,0.47863949,0.52919111,0.5166477,0.55942887,0.44858682,11.84180056,11.95161942,1,1,210.24695064,1
2205,0.4731653,0.51870401,0.51987062,0.51824033,0.42961508,11.91301012,12.02066917,1,1,210.24695064,1
2206,0.4746183,0.51614012,0.51464175,0.47835539,0.4510216,11.80029876,11.82861069,1,1,210.24695064,1
2207,0.48720389,0.53933996,0.5188383,0.43878853,0.45706398,12.27702048,12.37677605,1,1,210.24695064,1
2208,0.48717876,0.54061219,0.51869673,0.47995823,0.4779227,12.36751534,12.42688214,1,1,210.24695064,1
2209,0.45917135,0.58763716,0.53733623,0.36075162,0.53832354,11.92462445,11.97978408,1,1,210.24695064,0
2210,0.4751972,0.57843091,0.54040854,0.47133792,0.52461313,11.94678385,11.99443276,1,1,210.24695064,0
2211,0.46799169,0.56250238,0.51768569,0.59191114,0.5851863,12.18272257,12.19426831,1,1,210.24695064,0
2212,0.49409688,0.54846841,0.5467237,0.47008876,0.64334808,12.32661381,12.42846193,1,1,210.24695064,0
2213,0.48598663,0.52520821,0.51857877,0.46580128,0.59727605,11.70384487,11.77149396,1,1,210.24695064,0
2214,0.51231277,0.51852886,0.54462588,0.56847111,0.53943428,11.99318085,12.02781183,1,1,210.24695064,0
2215,0.51203364,0.51492254,0.54457386,0.68710169,0.5978459,11.91137851,12.00331874,1,1,210.24695064,0
2216,0.44186253,0.46482316,0.4640364,0.80335965,0.64536638,11.97485542,12.01606891,1,1,210.24695064,0
2217,0.36455647,0.40629168,0.36283872,0.91729245,0.69925753,12.41641835,12.42403349,1,1,210.24695064,0
2218,0.28722688,0.39057667,0.27152194,1,0.7506629,12.03393499,12.08564063,1,1,210.24695064,0
2219,0.24961236,0.36408452,0.20839709,0.87000248,0.8006629,12.33151974,12.43703679,1,1,210.24695064,0
2220,0.24946214,0.36586257,0.20845447,0.74260243,0.82612048,11.85755911,11.89381172,1,1,210.24695064,0
2221,0.36092253,0.484499,0.29585066,0.61775039,0.76437556,12.24142404,12.24240054,1,1,210.24695064,0
2222,0.45561658,0.49782897,0.39019044,0.54698162,0.70229213,12.09737707,12.16163319,1,1,210.24695064,0
2223,0.54748789,0.49928687,0.51352891,0.66604059,0.76132809,11.94542749,12.04946519,1,1,210.24695064,0
2224,0.66969867,0.50904875,0.64665924,0.54272035,0.69847038,11.78536743,11.85925971,1,1,210.24695064,0
2225,0.78292522,0.53735761,0.7387415,0.42186771,0.75073607,12.03785846,12.13547877,1,1,210.24695064,0
2226,0.82619252,0.54725494,0.78996521,0.30395438,0.81229872,12.03165028,12.14554895,1,1,210.24695064,0
2227,0.8267132,0.54416397,0.78995403,0.18787536,0.87577759,11.76538399,11.85034673,1,1,210.24695064,0
2228,0.73843969,0.49718803,0.7169359,0.31411768,0.94202008,12.15041339,12.19241577,1,1,210.24695064,0
2229,0.67053951,0.49365974,0.64758207,0.35783118,0.91317968,11.93356066,11.94125717,1,1,210.24695064,1
2230,0.53469041,0.48193688,0.56896056,0.32068331,0.90272311,11.93531269,11.97169386,1,1,210.24695064,1
2231,0.42267423,0.49861627,0.44359183,0.28433405,0.89062379,12.05052882,12.16996735,1,1,210.24695064,1
2232,0.3313037,0.50626132,0.37319802,0.24930868,0.90281131,11.94281883,12.02355656,1,1,210.24695064,1
2233,0.2645622,0.49036128,0.32857748,0.21958014,0.91000641,11.98446104,12.0606704,1,1,210.24695064,1
2234,0.26404909,0.49350936,0.32853363,0.18519005,0.88180707,12.21870918,12.21965725,1,1,210.24695064,1
2235,0.30477608,0.57492459,0.33999358,0.23148625,0.85417178,12.05901361,12.12422685,1,1,210.24695064,1
2236,0.3054832,0.57386339,0.33970731,0.19948779,0.86708833,12.01491249,12.11250903,1,1,210.24695064,1
2237,0.3144586,0.55928172,0.35140405,0.16549803,0.83974843,11.9606822,12.00862543,1,1,210.24695064,1
2238,0.33217205,0.59249116,0.3516183,0.13254524,0.85291846,11.77624571,11.88494699,1,1,210.24695064,1
2239,0.35472108,0.57885068,0.35326959,0.10151002,0.82586009,12.19619749,12.28419564,1,1,210.24695064,1
2240,0.36028121,0.57790971,0.36044858,0.13648508,0.83933791,12.13264125,12.19559055,1,1,210.24695064,1
2241,0.3843986,0.56261975,0.35638108,0.10862212,0.85236523,11.94757741,11.96812907,1,1,210.24695064,1
2242,0.38451346,0.5711712,0.35841683,0.15531787,0.825318,11.96288636,11.9693254,1,1,210.24695064,1
2243,0.40457519,0.57693008,0.35943444,0.1263402,0.79888819,11.67254769,11.76270916,1,1,210.24695064,1
2244,0.39344223,0.58388267,0.36029575,0.12259858,0.8127162,12.10753679,12.14635197,1,1,210.24695064,1
2245,0.39391016,0.58479996,0.36057803,0.17014657,0.81886495,11.7140714,11.74113132,1,1,210.24695064,1
2246,0.40889646,0.69236777,0.38399054,0.19963297,0.79248767,12.07178403,12.11711473,1,1,210.24695064,1
2247,0.42009156,0.66906402,0.37002013,0.16564039,0.80662687,11.64120804,11.67485088,1,1,210.24695064,1
2248,0.43074456,0.67751079,0.38615886,0.13232764,0.81924587,12.46999379,12.59402565,1,1,210.24695064,1
2249,0.43353355,0.64218815,0.39007457,0.09968109,0.83285862,12.1672984,12.17146377,1,1,210.24695064,1
2250,0.46820964,0.64534421,0.37888552,0.0677092,0.84619964,11.93421073,11.94870348,1,1,210.24695064,1
2251,0.46499958,0.62241643,0.38354083,0.10002879,0.81929367,12.17906661,12.22249702,1,1,210.24695064,1
2252,0.46463837,0.62267762,0.3837102,0.06802821,0.79290783,11.74865287,11.77084277,1,1,210.24695064,1
2253,0.43769194,0.65720243,0.385686,0.1164975,0.76704967,11.72750467,11.79081499,1,1,210.24695064,1
2254,0.43234571,0.62001782,0.40877042,0.16410498,0.78170777,11.98080024,12.07035285,1,1,210.24695064,1
2255,0.44949461,0.63578489,0.39751148,0.13085046,0.79602931,11.85366847,11.96186265,1,1,210.24695064,1
2256,0.45388055,0.59916265,0.40736842,0.17549478,0.78948371,11.65250942,11.6981945,1,1,210.24695064,1
2257,0.46088016,0.59364155,0.40696446,0.14198491,0.76612314,12.57297093,12.60920733,1,1,210.24695064,1
2258,0.44826412,0.60516585,0.39545449,0.10914574,0.78064765,11.50206503,11.61204781,1,1,210.24695064,1
2259,0.46761304,0.58544768,0.40890825,0.15696282,0.75511691,12.16658218,12.23524496,1,1,210.24695064,1
2260,0.47197425,0.57997865,0.41057591,0.20382356,0.76978543,11.3654314,11.39343216,1,1,210.24695064,1
2261,0.47098663,0.56188272,0.4098558,0.18324544,0.78438972,11.96772849,12.08670983,1,1,210.24695064,1
2262,0.47090445,0.56269719,0.41021024,0.14958605,0.75872033,12.2370175,12.25259354,1,1,210.24695064,1
2263,0.43264788,0.57728822,0.42917684,0.12640883,0.7489309,12.04623821,12.12219645,1,1,210.24695064,1
2264,0.43039922,0.58401884,0.42578184,0.09569936,0.72552456,12.31413683,12.36128877,1,1,210.24695064,1
2265,0.44756577,0.5607976,0.431797,0.06422007,0.72051194,12.0282189,12.14323807,1,1,210.24695064,1
2266,0.45548337,0.56205363,0.43434086,0.11293559,0.73610169,12.17931503,12.20037161,1,1,210.24695064,1
2267,0.44845719,0.53339909,0.4284261,0.08068655,0.71142155,11.9626948,12.06777414,1,1,210.24695064,1
2268,0.4603887,0.52775491,0.42202622,0.05254699,0.68725994,11.99001726,12.06773171,1,1,210.24695064,1
2269,0.45803176,0.50692063,0.42365082,0.10149591,0.66351474,11.66736329,11.70848783,1,1,210.24695064,1
2270,0.47330219,0.50937559,0.42645254,0.14946598,0.64790842,11.6951381,11.79805057,1,1,210.24695064,1
2271,0.48367936,0.52114696,0.43525455,0.12614995,0.624952,11.9009722,11.99525991,1,1,210.24695064,1
2272,0.48375158,0.52223373,0.43532074,0.12295066,0.63098079,11.7443164,11.78668898,1,1,210.24695064,1
2273,0.44365124,0.54040423,0.44494027,0.09049563,0.64836047,12.07396035,12.18691618,1,1,210.24695064,1
2274,0.45159081,0.55370022,0.44796199,0.13868572,0.62539367,11.79661403,11.80710287,1,1,210.24695064,1
2275,0.45776411,0.54068148,0.46400447,0.18591197,0.63656857,11.69788543,11.75608736,1,1,210.24695064,1
2276,0.47282148,0.52494912,0.44492276,0.16374363,0.65379848,11.94925554,12.05083568,1,1,210.24695064,1
2277,0.49153208,0.51993714,0.44787095,0.21016063,0.67049631,12.23545433,12.26146661,1,1,210.24695064,1
2278,0.48681652,0.5099668,0.45255026,0.24343157,0.64708642,11.98215158,12.08877776,1,1,210.24695064,1
2279,0.48731981,0.50844839,0.45229671,0.20857087,0.66413646,11.86728394,11.88169615,1,1,210.24695064,1
2280,0.53335108,0.54659178,0.47393518,0.25436052,0.68083772,12.45568382,12.5537906,1,1,210.24695064,1
2281,0.52852417,0.53661505,0.46776704,0.29927331,0.65751666,12.27629597,12.29076862,1,1,210.24695064,1
2282,0.54656078,0.57294936,0.45880458,0.34328784,0.67436502,11.81594801,11.84009226,1,1,210.24695064,1
2283,0.52922142,0.56590191,0.46798894,0.30642609,0.65087772,12.29270663,12.35042853,1,1,210.24695064,1
2284,0.53053082,0.55425798,0.46869274,0.27029936,0.62852686,12.27711682,12.31691076,1,1,210.24695064,1
2285,0.5486919,0.57308163,0.48207934,0.30301792,0.64594761,11.84155798,11.93960829,1,1,210.24695064,1
2286,0.5493229,0.57249833,0.48171134,0.34644613,0.62302888,11.63186322,11.71217653,1,1,210.24695064,1
2287,0.56070973,0.50363242,0.49051001,0.30966399,0.6005916,11.70622186,11.74775212,1,1,210.24695064,1
2288,0.5544971,0.52585418,0.49238295,0.35342671,0.57857977,11.99696987,12.03368078,1,1,210.24695064,1
2289,0.54690072,0.50968624,0.50189449,0.31635878,0.59700817,11.83107536,11.85958715,1,1,210.24695064,1
2290,0.52603708,0.53962507,0.50647197,0.28003892,0.61506801,12.17965156,12.2333584,1,1,210.24695064,1
2291,0.52963952,0.52432211,0.51143639,0.32443814,0.59276665,12.08703266,12.15497538,1,1,210.24695064,1
2292,0.52973988,0.52316437,0.51137937,0.28794956,0.57091132,12.3105765,12.37804092,1,1,210.24695064,1
2293,0.47101446,0.52893546,0.5415691,0.30771351,0.58948418,12.31095555,12.40199452,1,1,210.24695064,1
2294,0.4710422,0.50126675,0.51440265,0.35126014,0.56769453,11.96180241,12.00751345,1,1,210.24695064,1
2295,0.47598334,0.5151472,0.51196315,0.31423991,0.54683638,11.85649303,11.8831523,1,1,210.24695064,1
2296,0.47867036,0.5012421,0.51462333,0.35795501,0.52590244,11.98702073,12.0435263,1,1,210.24695064,1
2297,0.49151525,0.47831915,0.51304325,0.37265872,0.5053892,11.67955562,11.71067081,1,1,210.24695064,1
2298,0.49335168,0.46464937,0.53907284,0.33527193,0.48883908,11.96889275,12.05594633,1,1,210.24695064,1
2299,0.50901713,0.47123914,0.52063176,0.37084034,0.50868979,11.8497455,11.9134506,1,1,210.24695064,1
2300,0.51188435,0.462468,0.53852038,0.40363945,0.52851154,11.95028056,11.95195234,1,1,210.24695064,1
2301,0.5119539,0.45981074,0.53854825,0.36556687,0.54779261,11.92008731,12.01295148,1,1,210.24695064,1
2302,0.58438451,0.4942286,0.55346295,0.32883183,0.52691509,12.02658134,12.06971823,1,1,210.24695064,1
2303,0.56016012,0.51100176,0.51857475,0.29225519,0.50792536,12.00071175,12.02081705,1,1,210.24695064,1
2304,0.57332759,0.50083404,0.5104756,0.25641009,0.48776693,12.29493014,12.38494084,1,1,210.24695064,1
2305,0.57734454,0.4974134,0.48423538,0.38090382,0.48518087,12.44097943,12.48069607,1,1,210.24695064,0
2306,0.56571558,0.51312095,0.47372671,0.50314383,0.42756364,12.04534488,12.10456695,1,1,210.24695064,0
2307,0.56493017,0.51418808,0.47367318,0.59141119,0.48750076,11.93978053,12.04035282,1,1,210.24695064,0
2308,0.47766779,0.47080965,0.52600922,0.48917484,0.42567646,12.37502569,12.4714325,1,1,210.24695064,0
2309,0.40075376,0.47340036,0.56921352,0.36939134,0.36589303,11.6943668,11.72989984,1,1,210.24695064,0
2310,0.26477201,0.47043628,0.63369893,0.4765512,0.42777193,11.83606523,11.94416835,1,1,210.24695064,0
2311,0.16891947,0.47623862,0.65901958,0.43702231,0.4492024,12.32328198,12.40420644,1,1,210.24695064,1
2312,0.09931172,0.50069074,0.68870139,0.46093564,0.43022113,11.97764122,12.00968597,1,1,210.24695064,1
2313,0.09913145,0.50137083,0.68888075,0.49223956,0.4516167,11.56483336,11.58226927,1,1,210.24695064,1
2314,0.10769433,0.5761052,0.72590525,0.4523949,0.43262163,12.03783431,12.11920978,1,1,210.24695064,1
2315,0.11833788,0.55041077,0.7099006,0.413347,0.45369411,11.83594438,11.84094122,1,1,210.24695064,1
2316,0.13169541,0.55692808,0.71616303,0.43025381,0.43462615,12.25219088,12.33738131,1,1,210.24695064,1
2317,0.14901661,0.56742639,0.69600945,0.47164729,0.41593386,12.30243066,12.33983228,1,1,210.24695064,1
2318,0.15981321,0.54795919,0.70896961,0.43228384,0.43761514,11.94934375,12.03925425,1,1,210.24695064,1
2319,0.18869947,0.55890892,0.6827435,0.47330425,0.4588055,12.12767037,12.22648183,1,1,210.24695064,1
2320,0.20359912,0.56520863,0.67682048,0.51379905,0.4796266,12.51333264,12.59121698,1,1,210.24695064,1
2321,0.23122717,0.56189243,0.68598284,0.47354087,0.46660957,11.95207908,12.02875186,1,1,210.24695064,1
2322,0.24272537,0.55117606,0.6936552,0.51406941,0.46047279,12.0215405,12.03268324,1,1,210.24695064,1
2323,0.25217643,0.53492044,0.68567214,0.47378804,0.48116571,11.89648633,11.93142586,1,1,210.24695064,1
2324,0.27136076,0.55241528,0.67724577,0.51431228,0.48229542,12.2430146,12.27909463,1,1,210.24695064,1
2325,0.27564737,0.54051979,0.69238859,0.55402603,0.46265792,12.13338489,12.19641688,1,1,210.24695064,1
2326,0.27991599,0.55130916,0.67214816,0.51295465,0.44478041,11.9861165,12.08736542,1,1,210.24695064,1
2327,0.27924447,0.55162076,0.67167744,0.47497084,0.42589766,12.55132331,12.66796775,1,1,210.24695064,1
2328,0.26162887,0.63033074,0.68223661,0.43548077,0.40737971,12.22290287,12.27910418,1,1,210.24695064,1
2329,0.2740095,0.6448323,0.69027966,0.39852882,0.38923212,11.60382935,11.62230849,1,1,210.24695064,1
2330,0.28950021,0.61594243,0.66716604,0.36056322,0.37727553,11.97646007,12.04482569,1,1,210.24695064,1
2331,0.30226938,0.60617562,0.67079088,0.32335374,0.39972229,12.05962197,12.1078755,1,1,210.24695064,1
2332,0.3216924,0.61149068,0.68485727,0.36659113,0.42172784,11.88359393,11.95276266,1,1,210.24695064,1
2333,0.35026393,0.6046029,0.66947236,0.32926573,0.44329328,12.16750116,12.28376547,1,1,210.24695064,1
2334,0.36365522,0.59788543,0.66671108,0.29268543,0.46442609,11.95989435,12.0102376,1,1,210.24695064,1
2335,0.35864221,0.58126983,0.67432037,0.25711701,0.4797199,12.23126186,12.31743714,1,1,210.24695064,1
2336,0.37492645,0.56294388,0.6812109,0.25603065,0.50010788,11.83752321,11.95439774,1,1,210.24695064,1
2337,0.37426115,0.56467569,0.68148747,0.22097133,0.52010572,12.02861976,12.04531634,1,1,210.24695064,1
2338,0.41081527,0.64165413,0.70583609,0.18655425,0.53901525,11.95983141,12.06947593,1,1,210.24695064,1
2339,0.40721227,0.6435528,0.69883398,0.23114456,0.55815272,11.6482844,11.72873818,1,1,210.24695064,1
2340,0.42617893,0.66024677,0.69507426,0.23865287,0.54648959,11.87731836,11.91646607,1,1,210.24695064,1
2341,0.44301494,0.63326974,0.70740963,0.28387365,0.5655598,12.16241398,12.25919608,1,1,210.24695064,1
2342,0.46267164,0.62933523,0.69267987,0.2482131,0.58424818,12.16117489,12.17028987,1,1,210.24695064,1
2343,0.45607448,0.64537302,0.66814253,0.23191489,0.56256323,11.81117707,11.86234556,1,1,210.24695064,1
2344,0.4794489,0.63605802,0.67955646,0.19768801,0.58130021,11.93337285,11.98160814,1,1,210.24695064,1
2345,0.49024978,0.62508224,0.67295933,0.18332866,0.55976315,12.04789069,12.11848771,1,1,210.24695064,1
2346,0.49044055,0.62487971,0.67324997,0.22929787,0.5784292,11.63368897,11.67487673,1,1,210.24695064,1
2347,0.45878575,0.66178482,0.69884667,0.23385521,0.55710925,12.12437147,12.20608032,1,1,210.24695064,1
2348,0.48573477,0.67608742,0.65994776,0.19978946,0.57596706,12.35524152,12.47628848,1,1,210.24695064,1
2349,0.49719048,0.63830405,0.64428312,0.16613449,0.55448628,12.07196055,12.18640862,1,1,210.24695064,1
2350,0.48063635,0.64746293,0.63008257,0.13885832,0.53339655,11.65428976,11.75739554,1,1,210.24695064,1
2351,0.49512126,0.63963366,0.63435063,0.10609541,0.55272862,12.03132264,12.09116028,1,1,210.24695064,1
2352,0.49535777,0.64265829,0.63475776,0.0739735,0.53171589,11.94755409,12.00533474,1,1,210.24695064,1
2353,0.44251989,0.65664992,0.65396299,0.12238691,0.55073138,11.94902531,12.02315105,1,1,210.24695064,1
2354,0.45056809,0.64585249,0.64510825,0.09138263,0.52971705,12.14105928,12.15716199,1,1,210.24695064,1
2355,0.47654581,0.64751814,0.64754585,0.05956415,0.54912271,12.01908663,12.0496361,1,1,210.24695064,1
2356,0.45917095,0.63064585,0.64013211,0.0283838,0.53458881,11.80420559,11.86831028,1,1,210.24695064,1
2357,0.46207016,0.61245134,0.63637765,0,0.51959132,11.95609682,11.98399928,1,1,210.24695064,1
2358,0.47131025,0.63521136,0.62190961,0.04109912,0.49921059,11.85149764,11.96139332,1,1,210.24695064,1
2359,0.47108984,0.63624124,0.62199332,0.09027714,0.47922645,11.84954556,11.88791376,1,1,210.24695064,1
2360,0.43357027,0.65809651,0.63789528,0.06144968,0.46082448,12.04144849,12.09243234,1,1,210.24695064,1
2361,0.43993193,0.66988889,0.61974687,0.03070837,0.48160799,12.07014377,12.14730252,1,1,210.24695064,1
2362,0.45453939,0.66203583,0.64771633,0.0311486,0.50152611,12.07288266,12.11844591,1,1,210.24695064,1
2363,0.44456275,0.65177084,0.63324219,0.00052582,0.48163653,12.07322807,12.11192782,1,1,210.24695064,1
2364,0.45356031,0.62428414,0.63451009,0.0505153,0.49728761,12.03519273,12.10712256,1,1,210.24695064,1
2365,0.46606731,0.59649526,0.63843868,0.09950334,0.51633401,11.9379744,11.94923657,1,1,210.24695064,1
2366,0.47838164,0.60872183,0.62004255,0.10191214,0.49600733,12.08527652,12.14873927,1,1,210.24695064,1
2367,0.47974771,0.58683041,0.62303282,0.08037635,0.51608359,11.58277258,11.58848329,1,1,210.24695064,1
2368,0.46557689,0.58033779,0.60775744,0.12872918,0.51646737,11.81855377,11.89420073,1,1,210.24695064,1
2369,0.46564507,0.5784652,0.60786528,0.17615186,0.49701165,12.18450675,12.25979983,1,1,210.24695064,1
2370,0.44391688,0.6200749,0.62687407,0.14262882,0.51707142,12.17080973,12.20834714,1,1,210.24695064,1
2371,0.43811331,0.62098612,0.63396656,0.10982365,0.49674157,12.08607829,12.11991531,1,1,210.24695064,1
2372,0.43707705,0.58971291,0.63519009,0.14011917,0.47795264,12.18669936,12.21104891,1,1,210.24695064,1
2373,0.45537557,0.5951035,0.60526259,0.10731681,0.49839359,12.08078023,12.18993615,1,1,210.24695064,1
2374,0.45513864,0.56963971,0.60271878,0.15517047,0.47844228,11.90846481,11.94911294,1,1,210.24695064,1
2375,0.48252164,0.55174795,0.60737801,0.12504818,0.45887343,11.90641824,11.94121053,1,1,210.24695064,1
2376,0.46601733,0.5504238,0.60726558,0.17201087,0.43969596,11.93264079,12.04431913,1,1,210.24695064,1
2377,0.46509735,0.55141157,0.6070834,0.13857066,0.42090207,11.96881441,11.9903625,1,1,210.24695064,1
2378,0.43799101,0.57969655,0.6302946,0.10579942,0.44247264,11.93452302,12.05331938,1,1,210.24695064,1
2379,0.44139408,0.58752934,0.63504889,0.15368297,0.42393324,11.9383258,12.05741847,1,1,210.24695064,1
2380,0.43369642,0.55399226,0.60310963,0.20060926,0.43868836,11.89206402,11.94097429,1,1,210.24695064,1
2381,0.45067909,0.56383444,0.61259434,0.21029223,0.45917268,11.62711495,11.63658874,1,1,210.24695064,1
2382,0.46395744,0.53786383,0.60196655,0.25608637,0.44081885,12.03754894,12.08907223,1,1,210.24695064,1
2383,0.46276302,0.52172524,0.60770326,0.30096464,0.42236927,11.98833383,12.0112316,1,1,210.24695064,1
2384,0.46917988,0.53865866,0.60278673,0.26494536,0.44320955,11.94151243,12.05953819,1,1,210.24695064,1
2385,0.45854435,0.5263057,0.59675257,0.30964631,0.42434536,12.0602199,12.08239019,1,1,210.24695064,1
2386,0.45863272,0.52885456,0.59704764,0.27346014,0.4058598,12.02984107,12.04811126,1,1,210.24695064,1
2387,0.4432317,0.59370942,0.61306915,0.23799101,0.41466056,11.87375903,11.94473324,1,1,210.24695064,1
2388,0.46373376,0.59348029,0.6033055,0.20329353,0.4363673,12.31416153,12.37174358,1,1,210.24695064,1
2389,0.47796822,0.57515759,0.59695132,0.2492171,0.45733093,11.98012382,12.0437135,1,1,210.24695064,1
2390,0.47132566,0.57172836,0.59928479,0.22394205,0.47818431,12.15092553,12.20958868,1,1,210.24695064,1
2391,0.49612114,0.54310249,0.58357849,0.26946222,0.49851866,11.93010513,12.01172923,1,1,210.24695064,1
2392,0.48505559,0.54514329,0.58804119,0.23409659,0.51853345,11.80884113,11.81947237,1,1,210.24695064,1
2393,0.48446611,0.54333871,0.58793578,0.27892832,0.49816278,11.96928913,12.06120047,1,1,210.24695064,1
2394,0.52937695,0.56804219,0.61111673,0.32331386,0.47825784,11.96252022,12.0615725,1,1,210.24695064,1
2395,0.5192492,0.6034559,0.57350409,0.28689297,0.45869268,12.39773465,12.51346295,1,1,210.24695064,1
2396,0.52928787,0.60501495,0.56104146,0.25343263,0.43951899,11.88293395,11.94797263,1,1,210.24695064,1
2397,0.5274169,0.58848749,0.57124232,0.28666122,0.46071861,12.07862656,12.14235266,1,1,210.24695064,1
2398,0.52734725,0.59078479,0.57101552,0.29419614,0.44150426,11.64220088,11.69876236,1,1,210.24695064,1
2399,0.48664436,0.59033475,0.58498988,0.25856048,0.46233285,12.18504922,12.19627575,1,1,210.24695064,1
2400,0.49669606,0.59364807,0.58504082,0.3033892,0.48308619,11.89442584,11.98133406,1,1,210.24695064,1
2401,0.474857,0.57370513,0.57257651,0.26732152,0.46342447,11.72716959,11.73384998,1,1,210.24695064,1
2402,0.49800893,0.55428054,0.57949815,0.31197509,0.48415583,11.95637175,12.05657031,1,1,210.24695064,1
2403,0.492874,0.55575802,0.56696643,0.33005195,0.50446686,12.06422351,12.14164434,1,1,210.24695064,1
2404,0.49133643,0.54876627,0.57194312,0.37345076,0.48439267,11.96635677,12.0435453,1,1,210.24695064,1
2405,0.49149285,0.54796556,0.58343352,0.34367382,0.50470469,11.73023909,11.74023239,1,1,210.24695064,1
2406,0.49133717,0.54511629,0.58349541,0.31395026,0.5246106,11.78941424,11.8793281,1,1,210.24695064,1
2407,0.47550541,0.56931677,0.59570438,0.28595624,0.50411839,12.19520768,12.26262653,1,1,210.24695064,1
2408,0.45815157,0.56712657,0.59887433,0.25023712,0.52172416,11.915888,11.98620644,1,1,210.24695064,1
2409,0.47771193,0.5778957,0.60387885,0.21523238,0.50128968,12.38975096,12.46601131,1,1,210.24695064,1
2410,0.49097681,0.54526245,0.58165832,0.18096065,0.51146209,11.94768279,11.95246898,1,1,210.24695064,1
2411,0.49630289,0.5409407,0.59197518,0.22592321,0.5105867,11.67030914,11.74916274,1,1,210.24695064,1
2412,0.49596583,0.54091643,0.59195864,0.19140479,0.53037496,12.04168635,12.10877323,1,1,210.24695064,1
2413,0.45216636,0.54838431,0.60462472,0.15801559,0.51830884,11.89493872,11.94854792,1,1,210.24695064,1
2414,0.4546673,0.51919188,0.60682895,0.1248616,0.5379402,12.48992886,12.51896801,1,1,210.24695064,1
2415,0.45272787,0.52475741,0.58529442,0.17236437,0.5284754,11.69628235,11.7791451,1,1,210.24695064,1
2416,0.45647199,0.51372517,0.5909928,0.21886827,0.50790593,12.00096278,12.08591467,1,1,210.24695064,1
2417,0.46595308,0.5147436,0.57862777,0.18449091,0.48775763,12.12971662,12.13805084,1,1,210.24695064,1
2418,0.48377323,0.49823017,0.5816975,0.15080109,0.46800249,12.0529249,12.14492317,1,1,210.24695064,1
2419,0.4827549,0.49719345,0.58192488,0.19576794,0.4886362,12.04665041,12.16247078,1,1,210.24695064,1
2420,0.55172449,0.53754583,0.60375612,0.24185255,0.50886347,12.14209037,12.23685664,1,1,210.24695064,1
2421,0.55841199,0.53429027,0.57562648,0.28701548,0.4886862,12.21055678,12.24113553,1,1,210.24695064,1
2422,0.54785271,0.55139264,0.57709757,0.252849,0.47806449,11.94774518,12.01548504,1,1,210.24695064,1
2423,0.56471242,0.54793783,0.57863205,0.21779202,0.4585032,12.23455573,12.33600314,1,1,210.24695064,1
2424,0.53514891,0.55612268,0.59241302,0.18346011,0.43933324,11.74931598,11.86496017,1,1,210.24695064,1
2425,0.5442067,0.56796542,0.57412571,0.1498191,0.42058791,11.93808072,12.04073757,1,1,210.24695064,1
2426,0.54363142,0.56991714,0.5738781,0.11682272,0.40217615,12.38924138,12.43432843,1,1,210.24695064,1
2427,0.51808621,0.57296843,0.59173836,0.15853328,0.40242314,12.18019505,12.25104454,1,1,210.24695064,1
2428,0.53290323,0.56597756,0.60485374,0.20535046,0.41783505,11.73241544,11.74230923,1,1,210.24695064,1
2429,0.52308205,0.56656031,0.57222751,0.25124279,0.43882841,11.84054275,11.85690722,1,1,210.24695064,1
2430,0.52591789,0.52924796,0.56990022,0.21626958,0.43653994,12.14796956,12.26587884,1,1,210.24695064,1
2431,0.52502666,0.5414812,0.58328358,0.25947156,0.41780915,12.04362559,12.08686901,1,1,210.24695064,1
2432,0.50444653,0.5238017,0.5945394,0.22647378,0.39945303,11.97896484,11.99502561,1,1,210.24695064,1
2433,0.50454088,0.5152915,0.59210124,0.2719443,0.38348147,11.73201262,11.78917585,1,1,210.24695064,1
2434,0.49832835,0.52751973,0.57182357,0.30600655,0.39621077,12.25353642,12.37160553,1,1,210.24695064,1
2435,0.49881159,0.52850943,0.57170279,0.33907404,0.40725319,12.244324,12.34383313,1,1,210.24695064,1
2436,0.54565065,0.52962658,0.54188841,0.30243189,0.42902852,11.91588228,11.9512354,1,1,210.24695064,1
2437,0.55059776,0.53083904,0.49333472,0.34638325,0.45044791,11.86997124,11.95003512,1,1,210.24695064,1
2438,0.55193468,0.54212861,0.43628074,0.38933202,0.43144034,11.92852767,12.01153094,1,1,210.24695064,1
2439,0.5418299,0.55327998,0.40875819,0.35154538,0.41281154,12.06779026,12.09492988,1,1,210.24695064,1
2440,0.54101575,0.55016382,0.40908311,0.31902737,0.43455531,11.72357493,11.77703334,1,1,210.24695064,1
2441,0.56171125,0.47552517,0.41620182,0.28264756,0.41729712,12.06706416,12.1427506,1,1,210.24695064,1
2442,0.54107266,0.48750347,0.42188143,0.32699356,0.39895192,12.13623464,12.22898072,1,1,210.24695064,1
2443,0.54443772,0.50538243,0.43861845,0.29056917,0.38782907,11.95952495,11.96646676,1,1,210.24695064,1
2444,0.5193536,0.52548646,0.4414753,0.33475779,0.40993284,11.75935,11.85160129,1,1,210.24695064,1
2445,0.51866403,0.53872176,0.43300861,0.37806263,0.43072403,12.03668549,12.11044264,1,1,210.24695064,1
2446,0.51754647,0.54085696,0.43321591,0.36595342,0.41210955,11.96438753,11.98232311,1,1,210.24695064,1
2447,0.48129773,0.51992664,0.44940268,0.40863433,0.4328754,11.90277757,12.00859643,1,1,210.24695064,1
2448,0.47147851,0.52566966,0.46331802,0.45046164,0.4153532,12.16513977,12.25753053,1,1,210.24695064,1
2449,0.48574375,0.50968445,0.45065098,0.48822813,0.40430625,11.80510412,11.88270927,1,1,210.24695064,1
2450,0.49041909,0.50024193,0.46193842,0.52846349,0.4118474,11.96380833,12.03311947,1,1,210.24695064,1
2451,0.48841535,0.50713589,0.46298186,0.48811204,0.39562945,12.08456777,12.14937048,1,1,210.24695064,1
2452,0.47303496,0.51341955,0.45730779,0.44835,0.37771725,12.14059547,12.16847007,1,1,210.24695064,1
2453,0.4737236,0.51405106,0.45736149,0.48762066,0.37754232,12.2058053,12.27605722,1,1,210.24695064,1
2454,0.43883524,0.58072222,0.47106115,0.44786825,0.3998794,12.02434862,12.10198445,1,1,210.24695064,1
2455,0.45091198,0.54720815,0.46450507,0.48891088,0.38188648,12.56640877,12.61233292,1,1,210.24695064,1
2456,0.46755939,0.55128243,0.47677952,0.52913265,0.36425047,11.9675322,12.07714881,1,1,210.24695064,1
2457,0.47606577,0.52358985,0.46873884,0.49354896,0.38629678,12.19092094,12.29828817,1,1,210.24695064,1
2458,0.49590427,0.5211907,0.47457321,0.45367806,0.40782395,12.11828328,12.1527915,1,1,210.24695064,1
2459,0.49549168,0.52087388,0.47414413,0.43157788,0.38966747,12.25117255,12.28495342,1,1,210.24695064,1
2460,0.4886935,0.59585125,0.4945423,0.47294632,0.37191626,11.99099348,12.08923283,1,1,210.24695064,1
2461,0.49283561,0.59367347,0.49180949,0.51346305,0.35521986,11.97565793,12.04971311,1,1,210.24695064,1
2462,0.5301886,0.58382568,0.49512955,0.47319381,0.37811198,11.8432892,11.90211247,1,1,210.24695064,1
2463,0.51834957,0.56852781,0.5014207,0.50699702,0.38975603,11.86780247,11.97748302,1,1,210.24695064,1
2464,0.52970022,0.56745992,0.48934062,0.54448119,0.40352547,12.14247195,12.26207693,1,1,210.24695064,1
2465,0.52830765,0.56756974,0.48912063,0.53771742,0.39549344,12.30689772,12.40175533,1,1,210.24695064,1
2466,0.56956508,0.54962945,0.50951839,0.49696442,0.37758358,11.80790705,11.87561696,1,1,210.24695064,1
2467,0.56870741,0.55326498,0.51872118,0.45771736,0.36057738,12.14252175,12.25089467,1,1,210.24695064,1
2468,0.57092523,0.58094035,0.49413378,0.41856445,0.38336583,12.17045357,12.26673546,1,1,210.24695064,1
2469,0.5394539,0.58162367,0.50491717,0.43687607,0.36922584,11.93673299,12.03171542,1,1,210.24695064,1
2470,0.55133887,0.57330074,0.4956854,0.47813855,0.3518417,12.06121344,12.1355622,1,1,210.24695064,1
2471,0.54958442,0.61453974,0.5063417,0.43874693,0.36324506,12.13824649,12.13987331,1,1,210.24695064,1
2472,0.52993688,0.58864742,0.49982199,0.40219667,0.34629139,11.93395814,12.01279944,1,1,210.24695064,1
2473,0.53059937,0.5892814,0.49974462,0.44414913,0.32936556,12.08388823,12.20179412,1,1,210.24695064,1
2474,0.50768395,0.60266508,0.52367732,0.48526615,0.32769411,11.7731224,11.79231017,1,1,210.24695064,1
2475,0.49804997,0.58554318,0.50740073,0.44565363,0.32889089,11.97708937,11.98570426,1,1,210.24695064,1
2476,0.52578509,0.58132524,0.51120701,0.40674056,0.32761853,11.82832711,11.9068434,1,1,210.24695064,1
2477,0.51502099,0.55335469,0.50170474,0.36860575,0.35106616,12.21255174,12.22016761,1,1,210.24695064,1
2478,0.52055672,0.56125126,0.52334057,0.41123345,0.33404484,11.69058808,11.76153703,1,1,210.24695064,1
2479,0.52375211,0.54661111,0.52481182,0.45299853,0.31736394,12.14842708,12.19008764,1,1,210.24695064,1
2480,0.50469718,0.55697313,0.51049432,0.49393856,0.34101652,11.81718842,11.88457134,1,1,210.24695064,1
2481,0.49690505,0.53232785,0.51078088,0.45405984,0.33135839,11.91732843,12.01826176,1,1,210.24695064,1
2482,0.49671928,0.5333157,0.51095109,0.41497864,0.31473123,12.43953284,12.55002579,1,1,210.24695064,1
2483,0.45574056,0.53837561,0.52172975,0.37914738,0.29845384,11.94164179,12.0283194,1,1,210.24695064,1
2484,0.45034601,0.5234147,0.5316027,0.35398099,0.3224696,11.68851506,11.72965278,1,1,210.24695064,1
2485,0.46999596,0.51760922,0.53237116,0.37612709,0.32165143,11.62752429,11.7261099,1,1,210.24695064,1
2486,0.48204439,0.52182091,0.51923157,0.338606,0.30822898,11.81567411,11.8469373,1,1,210.24695064,1
2487,0.47505574,0.50022174,0.52628673,0.37624867,0.33204649,12.09762734,12.14441623,1,1,210.24695064,1
2488,0.48342118,0.51437983,0.52974094,0.34230481,0.35539921,12.25112593,12.32974475,1,1,210.24695064,1
2489,0.49126456,0.49541453,0.51489881,0.30570344,0.35680329,11.98614172,12.10575993,1,1,210.24695064,1
2490,0.49164427,0.49667827,0.51496084,0.343433,0.33966735,12.11575145,12.15650179,1,1,210.24695064,1
2491,0.54071406,0.54835459,0.52868414,0.30656897,0.36287323,11.86020389,11.95961579,1,1,210.24695064,1
2492,0.56035972,0.55381694,0.51508033,0.3504323,0.34561593,12.27804966,12.38868842,1,1,210.24695064,1
2493,0.53796774,0.54117925,0.5147518,0.31392072,0.34846506,12.27120464,12.32051208,1,1,210.24695064,1
2494,0.56150948,0.55342914,0.53639977,0.27979032,0.37144789,11.99375094,12.05568158,1,1,210.24695064,1
2495,0.55626891,0.54186991,0.50997947,0.31953079,0.35401894,11.90746445,11.94938264,1,1,210.24695064,1
2496,0.55615194,0.54116671,0.51001118,0.28314057,0.34130182,12.61773945,12.72438594,1,1,210.24695064,1
2497,0.57444392,0.48928242,0.53908011,0.32584378,0.32447581,11.61849673,11.65819948,1,1,210.24695064,1
2498,0.5672047,0.5022405,0.51100408,0.32899847,0.34798629,11.73878373,11.78500784,1,1,210.24695064,1
2499,0.55820844,0.50971168,0.53648521,0.37241845,0.37102656,11.8523284,11.936587,1,1,210.24695064,1
2500,0.5509007,0.53415973,0.50909284,0.41422252,0.39360597,12.0955023,12.10807136,1,1,210.24695064,1
2501,0.54905912,0.53143597,0.51553986,0.37599115,0.41573346,11.88267348,11.90959785,1,1,210.24695064,1
2502,0.54924884,0.53180153,0.51525873,0.33978353,0.40904312,11.87801849,11.98142308,1,1,210.24695064,1
2503,0.59156958,0.48187158,0.53569489,0.30298788,0.43084679,12.38135419,12.42265326,1,1,210.24695064,1
2504,0.56514395,0.51335502,0.53738337,0.2669282,0.41223112,12.25731488,12.34405795,1,1,210.24695064,1
2505,0.55338853,0.5021944,0.52601819,0.31147302,0.43398648,12.58383648,12.6343603,1,1,210.24695064,1
2506,0.56032592,0.52210934,0.54199783,0.30700366,0.4553067,11.72306092,11.75326169,1,1,210.24695064,1
2507,0.53700542,0.54294335,0.53607133,0.27086359,0.47619975,12.01977336,12.10349922,1,1,210.24695064,1
2508,0.52072873,0.53432282,0.52891223,0.31544359,0.45686176,12.09801954,12.18607172,1,1,210.24695064,1
2509,0.52051945,0.53160293,0.52893721,0.35912018,0.43797372,12.12860154,12.23148036,1,1,210.24695064,1
2510,0.60575195,0.55668428,0.5593765,0.37876352,0.44927456,11.90586359,11.93467884,1,1,210.24695064,1
2511,0.59783087,0.57164127,0.54995082,0.3770942,0.4302894,11.89149603,12.00266557,1,1,210.24695064,1
2512,0.5682586,0.58612995,0.5388116,0.41955232,0.4425004,11.67192853,11.7709751,1,1,210.24695064,1
2513,0.57677115,0.5655649,0.52905841,0.45963121,0.42365039,12.08178964,12.11608045,1,1,210.24695064,1
2514,0.56208754,0.58860326,0.54707034,0.43871503,0.40517739,11.85567505,11.94694227,1,1,210.24695064,1
2515,0.56222618,0.57812939,0.53976592,0.47994073,0.38707384,11.63121699,11.63292366,1,1,210.24695064,1
2516,0.56261666,0.60503157,0.52974903,0.44067085,0.40919038,11.49222213,11.57553127,1,1,210.24695064,1
2517,0.56255216,0.60633966,0.52992018,0.40185743,0.4310065,12.09565573,12.12776138,1,1,210.24695064,1
2518,0.55564301,0.58548223,0.53230146,0.36382028,0.41490816,12.05357085,12.0636819,1,1,210.24695064,1
2519,0.5521808,0.60793912,0.5534142,0.3265457,0.43655091,12.12615788,12.20159505,1,1,210.24695064,1
2520,0.5501841,0.58290828,0.54880895,0.29279409,0.41782866,12.3739889,12.49523598,1,1,210.24695064,1
2521,0.54108979,0.58054821,0.55118423,0.336938,0.39949638,12.37672891,12.4183554,1,1,210.24695064,1
2522,0.53622002,0.57408169,0.52984175,0.35407674,0.38169787,11.55067967,11.64943173,1,1,210.24695064,1
2523,0.52059395,0.57592552,0.52838807,0.31699521,0.40406391,11.81154544,11.89424349,1,1,210.24695064,1
2524,0.52133483,0.57281746,0.52844026,0.35952894,0.38605906,11.86916149,11.87460629,1,1,210.24695064,1
2525,0.49068966,0.58017474,0.53991365,0.32233847,0.36839901,12.25852827,12.3156767,1,1,210.24695064,1
2526,0.48520146,0.56734496,0.52554161,0.28855143,0.3510313,12.22442617,12.2260303,1,1,210.24695064,1
2527,0.49636533,0.56474556,0.55369319,0.33278038,0.37401032,12.01857484,12.08121373,1,1,210.24695064,1
2528,0.4915149,0.53922034,0.52442311,0.36824838,0.35653011,12.16695176,12.24607102,1,1,210.24695064,1
2529,0.48725781,0.55614705,0.54257664,0.41088341,0.3792798,12.18009645,12.22427064,1,1,210.24695064,1
2530,0.48866792,0.55643281,0.54295041,0.45266546,0.36169422,12.23105282,12.31744645,1,1,210.24695064,1
2531,0.45895548,0.58231176,0.56335567,0.44098251,0.34451576,11.86502285,11.87799002,1,1,210.24695064,1
2532,0.45754709,0.58364951,0.54356822,0.40465563,0.36762544,11.87524573,11.96752365,1,1,210.24695064,1
2533,0.45314275,0.56545712,0.54182347,0.36656454,0.38595672,12.17315848,12.2709405,1,1,210.24695064,1
2534,0.48515901,0.57891289,0.5661662,0.38296078,0.36951283,11.91026414,12.02378377,1,1,210.24695064,1
2535,0.47194282,0.57019615,0.55100546,0.41875858,0.37909354,11.82768767,11.87827915,1,1,210.24695064,1
2536,0.49508655,0.55317042,0.54591812,0.45982902,0.36163238,12.25957841,12.31986468,1,1,210.24695064,1
2537,0.49655824,0.55237173,0.54569251,0.42100247,0.38059369,12.09275126,12.20467375,1,1,210.24695064,1
2538,0.54965274,0.55278221,0.55597015,0.42649869,0.40175809,12.30341104,12.32199143,1,1,210.24695064,1
2539,0.55459514,0.56405325,0.56132508,0.38814499,0.38372981,12.06999095,12.09905174,1,1,210.24695064,1
2540,0.5437966,0.57596858,0.54844237,0.43038209,0.40605521,12.07983638,12.13534672,1,1,210.24695064,1
2541,0.54089492,0.57698595,0.54299588,0.47177426,0.39895032,12.0382793,12.11311147,1,1,210.24695064,1
2542,0.53190103,0.60030211,0.56691436,0.44308676,0.41327341,11.86203731,11.86552118,1,1,210.24695064,1
2543,0.53163956,0.6007492,0.5669934,0.40435409,0.39681058,12.18971913,12.23882124,1,1,210.24695064,1
2544,0.50668419,0.60851692,0.58821808,0.36818676,0.37887453,12.07913618,12.19648858,1,1,210.24695064,1
2545,0.51010028,0.58360337,0.59535544,0.41049722,0.40129704,11.76785655,11.80764725,1,1,210.24695064,1
2546,0.51805508,0.59058057,0.58900676,0.41015611,0.4232711,11.71470015,11.76808602,1,1,210.24695064,1
2547,0.52571411,0.56706027,0.56493943,0.37283089,0.44480568,12.10614247,12.13839314,1,1,210.24695064,1
2548,0.51477177,0.56081722,0.57286788,0.33845413,0.42852005,11.85102072,11.96773046,1,1,210.24695064,1
2549,0.50961765,0.55965074,0.56333925,0.30169501,0.44994834,11.96744831,12.01888492,1,1,210.24695064,1
2550,0.5095026,0.54828152,0.57095363,0.265669,0.43541749,12.07985873,12.08630512,1,1,210.24695064,1
2551,0.51359283,0.53855605,0.57952079,0.23147968,0.41671291,11.67762967,11.77082199,1,1,210.24695064,1
2552,0.51408768,0.53921853,0.57936457,0.25848912,0.43837865,12.16889147,12.21688085,1,1,210.24695064,1
2553,0.478143,0.54093604,0.57902659,0.24418993,0.41969574,11.68546111,11.69929754,1,1,210.24695064,1
2554,0.48372377,0.52101339,0.58333942,0.25358529,0.44121588,12.22276545,12.23746883,1,1,210.24695064,1
2555,0.49445447,0.51327716,0.59905838,0.29781963,0.42239174,11.54618045,11.57746715,1,1,210.24695064,1
2556,0.49000625,0.52095866,0.59635,0.34186324,0.40394391,11.91742345,11.92332879,1,1,210.24695064,1
2557,0.48308399,0.50313053,0.57997259,0.38368824,0.38803537,11.98487414,12.03219779,1,1,210.24695064,1
2558,0.48257918,0.50333557,0.58015016,0.42455636,0.41027461,11.87103115,11.95410616,1,1,210.24695064,1
2559,0.5624011,0.55321172,0.5865751,0.46584352,0.4318654,11.61562874,11.66352152,1,1,210.24695064,1
2560,0.5577332,0.55543021,0.60580716,0.42656119,0.43136985,12.00143107,12.09556802,1,1,210.24695064,1
2561,0.5628719,0.55940914,0.59911903,0.46802997,0.44016909,11.68667245,11.73469007,1,1,210.24695064,1
2562,0.55515209,0.56881455,0.59908381,0.46710037,0.46136554,11.99532923,12.06495263,1,1,210.24695064,1
2563,0.54445113,0.56121793,0.57922144,0.50775835,0.44213823,11.91361245,11.92034469,1,1,210.24695064,1
2564,0.54401747,0.56326672,0.57946014,0.4874401,0.42739702,11.90658173,11.99017544,1,1,210.24695064,1
2565,0.54999953,0.49812682,0.6016613,0.4476913,0.41733109,11.94723971,12.06346742,1,1,210.24695064,1
2566,0.53667195,0.51295046,0.59831842,0.40873747,0.39898448,11.87275256,11.8957022,1,1,210.24695064,1
2567,0.54031861,0.53355399,0.59382044,0.37293952,0.42057314,12.01179682,12.0162113,1,1,210.24695064,1
2568,0.52722569,0.51942761,0.57375371,0.41548073,0.40216168,11.89119168,11.89273456,1,1,210.24695064,1
2569,0.522389,0.52787939,0.57206407,0.37717545,0.42411845,11.93463855,12.00095949,1,1,210.24695064,1
2570,0.52308788,0.52901636,0.57194682,0.34012202,0.44563608,11.93673132,11.97696512,1,1,210.24695064,1
2571,0.54263589,0.4720291,0.58382405,0.37710244,0.43373848,11.60375325,11.71281394,1,1,210.24695064,1
2572,0.54866944,0.49772056,0.57370215,0.41956029,0.45506371,12.07401969,12.1224056,1,1,210.24695064,1
2573,0.53904892,0.49445005,0.57136677,0.38125954,0.43596244,12.36439854,12.36919525,1,1,210.24695064,1
2574,0.53621996,0.50462829,0.57357989,0.34364766,0.41724321,12.01846933,12.04741078,1,1,210.24695064,1
2575,0.5293709,0.52052522,0.58454825,0.30677471,0.39889837,11.76914005,11.80506029,1,1,210.24695064,1
2576,0.52985085,0.51951595,0.58451433,0.27148052,0.40189488,11.98460781,11.98758402,1,1,210.24695064,1
2577,0.57323175,0.50708257,0.61193371,0.28969198,0.4039878,12.29330879,12.33479853,1,1,210.24695064,1
2578,0.56646604,0.52339447,0.59607117,0.29020929,0.42590646,11.83117517,11.83327857,1,1,210.24695064,1
2579,0.57547985,0.5366172,0.60635928,0.33437624,0.44736668,11.76359272,11.76954131,1,1,210.24695064,1
2580,0.55020462,0.54330894,0.57528365,0.37767221,0.46841656,12.01665286,12.13441411,1,1,210.24695064,1
2581,0.52736656,0.55543557,0.60247346,0.34011877,0.48893099,11.86158246,11.9462236,1,1,210.24695064,1
2582,0.54878268,0.56920807,0.59594156,0.30375055,0.46915784,12.24777015,12.26455027,1,1,210.24695064,1
2583,0.54878735,0.56959754,0.59625555,0.26767676,0.48976098,11.85719328,11.92272596,1,1,210.24695064,1
2584,0.5251516,0.51578791,0.62055474,0.23232322,0.50996387,11.99842213,12.11579927,1,1,210.24695064,1
2585,0.53591141,0.50981501,0.59686989,0.19767788,0.52179827,11.73202072,11.83503763,1,1,210.24695064,1
2586,0.50969885,0.5325913,0.60584479,0.16380646,0.50136231,12.39268107,12.48476898,1,1,210.24695064,1
2587,0.49833763,0.51679689,0.60473806,0.20695396,0.48133911,12.22410126,12.22580021,1,1,210.24695064,1
2588,0.50761683,0.52242368,0.58967239,0.17282469,0.50171137,11.94845883,11.97214237,1,1,210.24695064,1
2589,0.50440778,0.53373401,0.57422505,0.13945257,0.51922055,11.96936638,12.02078243,1,1,210.24695064,1
2590,0.50436961,0.53606672,0.57398973,0.18666351,0.53883058,12.24184806,12.31201097,1,1,210.24695064,1
2591,0.46576415,0.53190779,0.58089825,0.15293024,0.55801057,12.00600717,12.11244224,1,1,210.24695064,1
2592,0.47178003,0.52251983,0.59448369,0.19987164,0.54181009,12.49368633,12.52686521,1,1,210.24695064,1
2593,0.4692975,0.52989656,0.59328316,0.16587421,0.52097635,11.86862889,11.95539461,1,1,210.24695064,1
2594,0.4672992,0.5174988,0.55714582,0.17617362,0.50056668,11.89497624,11.9335503,1,1,210.24695064,1
2595,0.4864582,0.50579561,0.57910002,0.14265778,0.48055535,12.30858995,12.32877873,1,1,210.24695064,1
2596,0.48643979,0.50514724,0.57915186,0.11010975,0.50094423,11.73695244,11.82932279,1,1,210.24695064,1
2597,0.52223859,0.55387922,0.57536593,0.1578393,0.48092535,11.69637275,11.79244585,1,1,210.24695064,1
2598,0.54877569,0.56934307,0.59597397,0.20458237,0.4985574,12.05831086,12.08210051,1,1,210.24695064,1
2599,0.54715307,0.57961068,0.58459929,0.1765139,0.51858625,11.8555523,11.9060153,1,1,210.24695064,1
2600,0.53666837,0.56993497,0.56886229,0.22298362,0.49838644,11.98333569,12.03998476,1,1,210.24695064,1
2601,0.54795404,0.58044091,0.57751358,0.18852408,0.47842949,12.02194066,12.10941011,1,1,210.24695064,1
2602,0.54927734,0.58251469,0.57731812,0.23475359,0.45901705,11.87031622,11.87660373,1,1,210.24695064,1
2603,0.52203069,0.56308741,0.59731002,0.20005852,0.43983671,11.74435909,11.74908625,1,1,210.24695064,1
2604,0.52317022,0.5522117,0.59908827,0.16605838,0.42104018,12.45696574,12.54377967,1,1,210.24695064,1
2605,0.51954889,0.54795236,0.59605107,0.1938147,0.40989575,11.8137798,11.84510054,1,1,210.24695064,1
2606,0.52489257,0.55939971,0.57329454,0.16060189,0.43169783,12.25542314,12.32970162,1,1,210.24695064,1
2607,0.51130445,0.5441009,0.576278,0.12738985,0.41306411,11.59458187,11.68544841,1,1,210.24695064,1
2608,0.4965389,0.5242324,0.57665023,0.10388795,0.43480272,12.3171148,12.4379255,1,1,210.24695064,1
2609,0.50242751,0.53240744,0.59370757,0.072558,0.45608736,11.59706491,11.70630857,1,1,210.24695064,1
2610,0.50194995,0.535345,0.59345512,0.0413502,0.47696554,11.95287507,11.96644134,1,1,210.24695064,1
2611,0.52158955,0.46950322,0.58174238,0.08684696,0.45742651,11.7470593,11.80640714,1,1,210.24695064,1
2612,0.5043584,0.47689627,0.5514072,0.2148934,0.40747059,12.05431575,12.10231461,1,1,210.24695064,0
2613,0.51533592,0.49874191,0.52133368,0.10434615,0.35317273,12.01988646,12.05972886,1,1,210.24695064,0
2614,0.50694123,0.51344932,0.52880652,0,0.30108581,11.99011842,12.02366486,1,1,210.24695064,0
2615,0.50736932,0.51273859,0.52885069,0,0.37108209,12.08407164,12.08753832,1,1,210.24695064,0
2616,0.45910194,0.44560846,0.52077494,0.12786008,0.32108209,12.31193103,12.34168389,1,1,210.24695064,0
2617,0.41886749,0.38523119,0.51682581,0.25529767,0.26871102,11.9882883,12.07586691,1,1,210.24695064,0
2618,0.38707524,0.29515873,0.46750887,0.37428799,0.29889808,11.95264315,12.00799346,1,1,210.24695064,0
2619,0.36517444,0.24356293,0.46535245,0.25680375,0.36141231,12.11846688,12.18922425,1,1,210.24695064,0
2620,0.34267102,0.20440606,0.43744805,0.14178915,0.42625632,11.92249781,12.03704855,1,1,210.24695064,0
2621,0.34392989,0.20273591,0.43740642,0.26895337,0.49342043,11.97057926,12.08386678,1,1,210.24695064,0
2622,0.42075498,0.2963669,0.47075494,0.15597217,0.55071913,11.87082311,11.94502437,1,1,210.24695064,0
2623,0.47417882,0.33436508,0.47849122,0.28211309,0.50684561,11.74022596,11.84510906,1,1,210.24695064,0
2624,0.53234694,0.4198402,0.4989597,0.16648248,0.45136246,11.87678672,11.94102949,1,1,210.24695064,0
2625,0.58105591,0.48370275,0.53023512,0.29241853,0.43546878,11.9627016,12.04858883,1,1,210.24695064,0
2626,0.60884664,0.51919347,0.56901541,0.4165371,0.49951697,11.901261,11.92093962,1,1,210.24695064,0
2627,0.66479681,0.57167723,0.55537889,0.53820465,0.46011606,12.13537783,12.16381168,1,1,210.24695064,0
2628,0.66528912,0.57126681,0.55548643,0.65614587,0.3993527,11.75742373,11.86262803,1,1,210.24695064,0
2629,0.5972478,0.50871622,0.5601479,0.53302295,0.45595258,11.96377059,12.01276032,1,1,210.24695064,0
2630,0.51515987,0.47651477,0.55478816,0.41779431,0.39529212,12.35881192,12.40626835,1,1,210.24695064,0
2631,0.39566637,0.45654596,0.51904424,0.29943842,0.33693631,11.88082733,11.91875141,1,1,210.24695064,0
2632,0.27336752,0.40339631,0.51154098,0.19289933,0.40087831,12.19522852,12.22676932,1,1,210.24695064,0
2633,0.19722983,0.39499503,0.49029243,0.30461734,0.46685289,12.08605655,12.17028777,1,1,210.24695064,0
2634,0.14028702,0.36846116,0.47948448,0.34850854,0.44761649,11.84482094,11.93651707,1,1,210.24695064,1
2635,0.14052783,0.37074059,0.47915968,0.36752984,0.46805443,12.11621561,12.17772505,1,1,210.24695064,1
2636,0.18357029,0.46978064,0.48191422,0.41017923,0.44910308,11.98267234,12.07781498,1,1,210.24695064,1
2637,0.18921114,0.47272317,0.48472113,0.38384476,0.43012386,12.01636589,12.12724449,1,1,210.24695064,1
2638,0.19612045,0.46254038,0.49248631,0.42616393,0.45149016,12.13366794,12.18199433,1,1,210.24695064,1
2639,0.21364006,0.46625265,0.50035799,0.38764065,0.47245888,11.98430936,12.01414153,1,1,210.24695064,1
2640,0.22729911,0.47198849,0.50474094,0.42590125,0.49299501,11.84410787,11.84900831,1,1,210.24695064,1
2641,0.23818901,0.46579722,0.48166588,0.46370509,0.47313512,11.96580498,12.06719894,1,1,210.24695064,1
2642,0.26233826,0.47527252,0.49220118,0.49965093,0.4932736,11.85166176,11.91179047,1,1,210.24695064,1
2643,0.27274262,0.47561718,0.48694714,0.53965786,0.47341585,11.73283004,11.7512684,1,1,210.24695064,1
2644,0.28654952,0.47485105,0.48747443,0.49887427,0.45394753,12.21518411,12.27144802,1,1,210.24695064,1
2645,0.30402654,0.47767926,0.50662764,0.53885867,0.43526915,12.0058036,12.11632395,1,1,210.24695064,1
2646,0.32133194,0.48273121,0.48328222,0.50363767,0.43313855,12.01745709,12.05015967,1,1,210.24695064,1
2647,0.31574517,0.49449123,0.48435073,0.46357711,0.42033246,12.3959095,12.47679545,1,1,210.24695064,1
2648,0.33323539,0.49165255,0.50772784,0.42432665,0.44192569,12.11405541,12.17930521,1,1,210.24695064,1
2649,0.34257543,0.48387765,0.4849694,0.4558623,0.46307367,12.07635464,12.09204676,1,1,210.24695064,1
2650,0.34315483,0.48400356,0.4845313,0.41872286,0.48213345,11.95537618,12.00422667,1,1,210.24695064,1
2651,0.40497841,0.57358019,0.49510473,0.38035845,0.5024907,12.06771964,12.18731486,1,1,210.24695064,1
2652,0.40726631,0.58417528,0.5045877,0.34445499,0.50465432,12.01582965,12.13095612,1,1,210.24695064,1
2653,0.41217502,0.57185122,0.50828227,0.30772796,0.52456123,11.83090588,11.92102132,1,1,210.24695064,1
2654,0.42300896,0.56976237,0.49695639,0.35083492,0.50619308,12.10014907,12.16910473,1,1,210.24695064,1
2655,0.44026686,0.56649329,0.5030021,0.39381738,0.48614011,12.11158649,12.19769529,1,1,210.24695064,1
2656,0.44240933,0.56913931,0.50250074,0.43594103,0.4664342,11.99126975,12.03490738,1,1,210.24695064,1
2657,0.46135183,0.59185001,0.50928208,0.40691364,0.45701849,12.37789311,12.45209395,1,1,210.24695064,1
2658,0.45505232,0.58865426,0.49422849,0.36881114,0.47787812,11.76043717,11.87595405,1,1,210.24695064,1
2659,0.47288184,0.59540108,0.48937041,0.38872738,0.45832057,12.157294,12.18910917,1,1,210.24695064,1
2660,0.4735985,0.59223666,0.48904083,0.35105714,0.43915416,11.66357492,11.75149512,1,1,210.24695064,1
2661,0.43220353,0.60953604,0.49108686,0.394036,0.46026279,12.06662353,12.18380545,1,1,210.24695064,1
2662,0.43702176,0.61510426,0.51426322,0.42843443,0.44105849,11.5952557,11.61670223,1,1,210.24695064,1
2663,0.46664693,0.58960974,0.50159653,0.39415261,0.42223732,11.9963536,12.02196065,1,1,210.24695064,1
2664,0.46081009,0.5814683,0.50728034,0.43626953,0.44273517,11.97063983,12.0207717,1,1,210.24695064,1
2665,0.47791103,0.5714478,0.50493348,0.47752236,0.4243698,12.02683941,12.1306986,1,1,210.24695064,1
2666,0.46002827,0.5579931,0.49442516,0.4379726,0.40588863,12.00058748,12.09402653,1,1,210.24695064,1
2667,0.46950221,0.56400565,0.49480492,0.39921433,0.42777079,11.7803116,11.87307607,1,1,210.24695064,1
2668,0.46849413,0.56655884,0.49453599,0.37005003,0.40921541,11.79754543,11.8834575,1,1,210.24695064,1
2669,0.44949887,0.60768266,0.4964352,0.37269518,0.43073096,11.76926684,11.77368398,1,1,210.24695064,1
2670,0.44146334,0.58958219,0.49892369,0.41499261,0.44108596,12.30376284,12.3926687,1,1,210.24695064,1
2671,0.46201138,0.56303139,0.50753476,0.38359003,0.46159511,11.83107593,11.91121879,1,1,210.24695064,1
2672,0.45444376,0.57210185,0.51352704,0.42555931,0.48236227,11.85934135,11.87804149,1,1,210.24695064,1
2673,0.46629122,0.54509887,0.51379691,0.46677372,0.50269768,11.95380768,12.02347425,1,1,210.24695064,1
2674,0.48258227,0.53842526,0.50637801,0.48647242,0.52263277,11.65620295,11.75694163,1,1,210.24695064,1
2675,0.47712824,0.53635543,0.50766948,0.49433586,0.54218011,12.28812756,12.39018424,1,1,210.24695064,1
2676,0.47648131,0.53667213,0.5077133,0.53444914,0.52793808,12.08863802,12.14050728,1,1,210.24695064,1
2677,0.45748943,0.56794569,0.5283451,0.49376866,0.54737083,11.83553712,11.83628134,1,1,210.24695064,1
2678,0.46773461,0.58117851,0.51791201,0.45646333,0.52642358,11.95437967,11.9609903,1,1,210.24695064,1
2679,0.47588671,0.54686932,0.52639794,0.41733416,0.50589568,12.04415268,12.1322174,1,1,210.24695064,1
2680,0.49352231,0.53918148,0.51054862,0.45898748,0.48584669,12.26442986,12.37794828,1,1,210.24695064,1
2681,0.49758281,0.54005915,0.52157316,0.47962422,0.5045961,11.78526613,11.81229455,1,1,210.24695064,1
2682,0.49725507,0.53929251,0.52156483,0.44004053,0.48450749,11.70484394,11.7511599,1,1,210.24695064,1
2683,0.56943088,0.55004616,0.52118077,0.47814041,0.46481763,11.7325325,11.76922934,1,1,210.24695064,1
2684,0.56435652,0.55507297,0.52481557,0.5185776,0.4455227,12.14371582,12.24218439,1,1,210.24695064,1
2685,0.56319106,0.59104014,0.52633469,0.47820607,0.46659764,11.81064059,11.82696226,1,1,210.24695064,1
2686,0.56655253,0.59200097,0.52020761,0.43864196,0.48713642,11.83560728,11.87125263,1,1,210.24695064,1
2687,0.55001054,0.59895067,0.52348182,0.47986892,0.50738179,11.62240545,11.73369082,1,1,210.24695064,1
2688,0.55458668,0.5867023,0.5468713,0.44027154,0.48723415,11.54203652,11.62262793,1,1,210.24695064,1
2689,0.55433363,0.58409447,0.54692989,0.48074196,0.48642784,11.99503758,12.10884774,1,1,210.24695064,1
2690,0.53422275,0.55583317,0.56660782,0.52088847,0.46670187,12.29969864,12.30733479,1,1,210.24695064,1
2691,0.52990948,0.55610277,0.5523998,0.56047068,0.46496127,12.03785136,12.11476182,1,1,210.24695064,1
2692,0.52269818,0.55631512,0.54377106,0.59589529,0.44566204,12.14152934,12.17157315,1,1,210.24695064,1
2693,0.52538313,0.55993246,0.56080971,0.63397736,0.46674874,12.15447838,12.21051611,1,1,210.24695064,1
2694,0.50921827,0.56883918,0.54136878,0.59129782,0.44741464,12.28197286,12.29297967,1,1,210.24695064,1
2695,0.51212601,0.55802723,0.54942433,0.54947718,0.46846635,12.58074282,12.62876823,1,1,210.24695064,1
2696,0.51275048,0.55766925,0.5489966,0.58848759,0.48909672,11.91877959,11.97270938,1,1,210.24695064,1
2697,0.48357036,0.51002297,0.55374417,0.62190054,0.5093145,11.96448949,12.05179373,1,1,210.24695064,1
2698,0.48910657,0.50428643,0.54893783,0.65946252,0.52912794,11.87670921,11.94537668,1,1,210.24695064,1
2699,0.47343351,0.5202443,0.55085913,0.61627327,0.54851894,11.65890432,11.66501552,1,1,210.24695064,1
2700,0.4821737,0.50047443,0.55777644,0.57616754,0.53664088,11.71863674,11.721384,1,1,210.24695064,1
2701,0.4727012,0.51575998,0.56554448,0.59748195,0.55590803,12.02541096,12.05775052,1,1,210.24695064,1
2702,0.47332923,0.51658602,0.56542796,0.55609775,0.54710055,12.02367316,12.06611272,1,1,210.24695064,1
2703,0.43838922,0.57953208,0.59206108,0.51521272,0.52615854,12.36747301,12.44685902,1,1,210.24695064,1
2704,0.46033941,0.57309524,0.59259187,0.48025986,0.50563537,12.07255099,12.12416258,1,1,210.24695064,1
2705,0.4814494,0.54612134,0.5602796,0.52051342,0.52543432,12.01088513,12.06697987,1,1,210.24695064,1
2706,0.46545459,0.54169721,0.58115146,0.48011292,0.54490983,12.00594523,12.07622163,1,1,210.24695064,1
2707,0.48843236,0.54611722,0.56168727,0.52049091,0.55078101,12.00889446,12.03021201,1,1,210.24695064,1
2708,0.48760517,0.54868602,0.56199526,0.55833285,0.56971669,11.94597005,12.04007605,1,1,210.24695064,1
2709,0.44913027,0.56227548,0.58155427,0.59713592,0.58832236,11.68139026,11.69428377,1,1,210.24695064,1
2710,0.47070182,0.56562949,0.56161202,0.55519478,0.56655591,11.64058232,11.68563216,1,1,210.24695064,1
2711,0.48267898,0.55936979,0.55325437,0.59404514,0.58514988,11.99691556,12.10383329,1,1,210.24695064,1
2712,0.48767058,0.55414975,0.5667167,0.55216579,0.56415562,11.94761533,12.00655423,1,1,210.24695064,1
2713,0.49951634,0.56090101,0.5734001,0.58281734,0.54287253,12.0596631,12.10962525,1,1,210.24695064,1
2714,0.50037649,0.55992519,0.57337303,0.62064512,0.56195365,12.1090037,12.16479365,1,1,210.24695064,1
2715,0.56690821,0.58002549,0.58734591,0.65821381,0.57944769,11.95400989,12.0153841,1,1,210.24695064,1
2716,0.56782832,0.5893014,0.59673374,0.61504953,0.59785874,12.00093374,12.03677859,1,1,210.24695064,1
2717,0.56457298,0.59943889,0.56335928,0.65274408,0.60375593,11.80834235,11.90364494,1,1,210.24695064,1
2718,0.53176555,0.59273537,0.57426294,0.6896892,0.58168081,12.15246103,12.15587024,1,1,210.24695064,1
2719,0.53942132,0.61452161,0.55641463,0.69221158,0.56004719,11.95438316,12.06438513,1,1,210.24695064,1
2720,0.54317972,0.62984546,0.5572837,0.72824934,0.54090842,12.01941251,12.0562457,1,1,210.24695064,1
2721,0.54352797,0.62772237,0.55685245,0.68373828,0.52396496,12.38741693,12.40561118,1,1,210.24695064,1
2722,0.49517927,0.60915976,0.5766527,0.72006351,0.5434856,11.92506597,11.98671568,1,1,210.24695064,1
2723,0.49640123,0.61462586,0.56552592,0.67566224,0.56261588,12.12626868,12.16238776,1,1,210.24695064,1
2724,0.50312503,0.58941094,0.5825074,0.69332879,0.56724465,12.20793622,12.29873881,1,1,210.24695064,1
2725,0.49050516,0.60515838,0.57927277,0.64950968,0.54637107,12.0245104,12.0411774,1,1,210.24695064,1
2726,0.49611168,0.58252605,0.56455586,0.60675685,0.52680084,11.93164105,12.03517296,1,1,210.24695064,1
2727,0.49934816,0.58649047,0.57643462,0.6445861,0.51337268,12.0320916,12.12956894,1,1,210.24695064,1
2728,0.49853326,0.57575588,0.55802879,0.68169438,0.49642293,12.07582101,12.09473463,1,1,210.24695064,1
2729,0.49908653,0.57475443,0.55785583,0.71806049,0.47650232,12.09318521,12.18143436,1,1,210.24695064,1
2730,0.49316883,0.57500022,0.56313803,0.67370151,0.4954932,12.16999681,12.1870381,1,1,210.24695064,1
2731,0.4804824,0.59598515,0.573652,0.71022748,0.47558334,12.24914255,12.34328262,1,1,210.24695064,1
2732,0.49850691,0.5563215,0.58108553,0.66602303,0.49607163,11.71955609,11.82206107,1,1,210.24695064,1
2733,0.4999781,0.56030734,0.58660882,0.69148959,0.51601641,11.94818046,11.95751468,1,1,210.24695064,1
2734,0.50121306,0.53938204,0.55613952,0.6476598,0.49656612,11.90382099,11.98975161,1,1,210.24695064,1
2735,0.48064525,0.55042865,0.57283928,0.68426446,0.47848512,12.23788591,12.33587002,1,1,210.24695064,1
2736,0.48416225,0.5264928,0.55820583,0.64057917,0.49891542,11.69830684,11.80764575,1,1,210.24695064,1
2737,0.49206175,0.52068475,0.57328986,0.67775303,0.5189371,12.15682505,12.17849968,1,1,210.24695064,1
2738,0.50451942,0.5046115,0.55625898,0.71379921,0.53855833,11.68063311,11.73406866,1,1,210.24695064,1
2739,0.50436963,0.50475498,0.556478,0.74862318,0.51778718,11.93265791,11.97430062,1,1,210.24695064,1
2740,0.56100809,0.52582388,0.57731751,0.70366511,0.51929098,12.34968478,12.38435155,1,1,210.24695064,1
2741,0.54541443,0.52020675,0.55758708,0.65959181,0.52450814,11.96162329,11.96599804,1,1,210.24695064,1
2742,0.56218035,0.54409651,0.56400584,0.69266251,0.54401584,11.97646052,11.99862393,1,1,210.24695064,1
2743,0.54036729,0.56836234,0.57539702,0.72841188,0.56306726,12.39661007,12.41012782,1,1,210.24695064,1
2744,0.55666639,0.55768831,0.55543175,0.76384364,0.58180151,12.00410322,12.07755745,1,1,210.24695064,1
2745,0.55586815,0.55863271,0.57008804,0.79216046,0.59782954,12.02379085,12.11822364,1,1,210.24695064,1
2746,0.55532553,0.55700178,0.5704865,0.74631999,0.61576557,12.00369637,12.1128072,1,1,210.24695064,1
2747,0.59372367,0.51809273,0.59257741,0.78138975,0.63345026,11.76848651,11.78769046,1,1,210.24695064,1
2748,0.59820103,0.5133528,0.57772955,0.81576193,0.65078028,11.9650743,12.05096758,1,1,210.24695064,1
2749,0.56656666,0.51904598,0.57914789,0.77023091,0.6277824,11.97723416,12.09040981,1,1,210.24695064,1
2750,0.55692737,0.52874221,0.58651188,0.80482629,0.64488301,11.61671232,11.68791222,1,1,210.24695064,1
2751,0.5588123,0.54278915,0.57590745,0.75872977,0.62199188,11.85166867,11.85803699,1,1,210.24695064,1
2752,0.53525151,0.5491169,0.59062252,0.79355517,0.59955204,11.78359704,11.891151,1,1,210.24695064,1
2753,0.53427874,0.55149752,0.59032413,0.82294678,0.61756082,12.00496655,12.00995914,1,1,210.24695064,1
2754,0.51701845,0.51117578,0.59847289,0.85569381,0.6317757,12.0426492,12.04358044,1,1,210.24695064,1
2755,0.51327427,0.49729927,0.59679617,0.80857993,0.64914019,12.18363263,12.24405598,1,1,210.24695064,1
2756,0.50821204,0.50891428,0.61383862,0.84240822,0.66615737,12.19499329,12.26982945,1,1,210.24695064,1
2757,0.47814944,0.51431952,0.581063,0.87440623,0.64283429,11.92838169,11.96816141,1,1,210.24695064,1
2758,0.48197571,0.51075477,0.60480198,0.90616773,0.6200396,11.94575423,11.96512268,1,1,210.24695064,1
2759,0.49640962,0.50932457,0.60889385,0.87903664,0.59764167,12.27162706,12.35393263,1,1,210.24695064,1
2760,0.49598783,0.50916334,0.6088408,0.9114437,0.57571523,12.50090714,12.51376406,1,1,210.24695064,1
2761,0.55624951,0.56083671,0.60807186,0.9212313,0.55420093,12.28625048,12.30360655,1,1,210.24695064,1
2762,0.5392983,0.5452357,0.5951893,0.95280665,0.56819994,11.87136968,11.9725558,1,1,210.24695064,1
2763,0.53544231,0.54943808,0.54268722,0.903752,0.5868338,11.41496853,11.52543689,1,1,210.24695064,1
2764,0.54355888,0.5711649,0.55346898,0.93310004,0.56509713,11.93844315,11.95311902,1,1,210.24695064,1
2765,0.54388174,0.57134795,0.55341161,0.94530559,0.5438443,12.13817367,12.22499597,1,1,210.24695064,1
2766,0.52542191,0.55328324,0.55861371,0.97639939,0.52296932,12.1318847,12.23429011,1,1,210.24695064,1
2767,0.51721591,0.57257098,0.56957311,1,0.50696709,11.57506738,11.58742065,1,1,210.24695064,1
2768,0.53276164,0.53956816,0.57923144,0.95,0.52682762,12.08037536,12.19679515,1,1,210.24695064,1
2769,0.50484847,0.53340031,0.55604731,0.9152614,0.54629031,11.66090011,11.71885631,1,1,210.24695064,1
2770,0.51588188,0.52721239,0.55605497,0.86695621,0.52537943,12.28939685,12.3661132,1,1,210.24695064,1
2771,0.52556169,0.52570297,0.56747896,0.81962201,0.50557272,11.97826271,12.01799088,1,1,210.24695064,1
2772,0.52076795,0.51151278,0.56303202,0.77336788,0.52522941,12.129364,12.18634224,1,1,210.24695064,1
2773,0.50633874,0.52266294,0.56492539,0.80789194,0.50496984,11.76522689,11.82049474,1,1,210.24695064,1
2774,0.50620137,0.52841865,0.56514781,0.76173411,0.48487835,12.12941708,12.19044492,1,1,210.24695064,1
2775,0.47211986,0.5301954,0.58296978,0.71649943,0.50518076,11.82261021,11.87163714,1,1,210.24695064,1
2776,0.48688814,0.54829541,0.58106566,0.75203444,0.48507714,12.09291211,12.10111986,1,1,210.24695064,1
2777,0.47091199,0.53059249,0.57345168,0.70723677,0.5053756,12.21913655,12.23607553,1,1,210.24695064,1
2778,0.48744989,0.52302496,0.57200173,0.68040724,0.51611629,11.68570269,11.76050379,1,1,210.24695064,1
2779,0.49500875,0.50675447,0.56663135,0.71679909,0.53579323,12.014298,12.05011295,1,1,210.24695064,1
2780,0.49218375,0.49198756,0.58154302,0.75232481,0.55507293,12.21539755,12.32459342,1,1,210.24695064,1
2781,0.48788207,0.49502177,0.56333662,0.70728238,0.57397145,11.96263787,12.06821915,1,1,210.24695064,1
2782,0.48807112,0.49354264,0.56373078,0.66332049,0.55351682,11.92053517,11.97497005,1,1,210.24695064,1
2783,0.55054365,0.46282726,0.5467309,0.69993626,0.53285052,12.30207024,12.34914574,1,1,210.24695064,1
2784,0.51724752,0.46510492,0.54087265,0.72166361,0.51219503,12.01596569,12.13319204,1,1,210.24695064,1
2785,0.52275481,0.49366664,0.53268596,0.7572303,0.53182159,12.20679292,12.21979972,1,1,210.24695064,1
2786,0.5007787,0.50272712,0.50776109,0.71208577,0.55118511,11.83427337,11.948996,1,1,210.24695064,1
2787,0.50006342,0.50187784,0.50771774,0.66784734,0.55519591,12.0987024,12.17828369,1,1,210.24695064,1
2788,0.4524074,0.5427075,0.53237025,0.70446475,0.55563174,12.03885047,12.07776843,1,1,210.24695064,1
2789,0.48664182,0.54029309,0.52950448,0.7403736,0.57451905,12.11210307,12.17095526,1,1,210.24695064,1
2790,0.48921159,0.52495502,0.50566085,0.77556613,0.59302802,11.86705132,11.87172316,1,1,210.24695064,1
2791,0.50670347,0.51604435,0.51571672,0.81005481,0.58097601,11.77923997,11.80444617,1,1,210.24695064,1
2792,0.50747132,0.5129471,0.50790585,0.763979,0.55935957,12.53136471,12.55438476,1,1,210.24695064,1
2793,0.50741176,0.51594152,0.50776321,0.79865813,0.54048815,11.99610431,12.10819688,1,1,210.24695064,1
2794,0.56754844,0.54379701,0.53654608,0.82757632,0.55963822,11.98407603,12.09139511,1,1,210.24695064,1
2795,0.57452655,0.55325368,0.53591291,0.78119076,0.57835944,11.89885682,11.9970038,1,1,210.24695064,1
2796,0.58279838,0.56607924,0.52107229,0.73705002,0.59676512,11.92958867,11.94892078,1,1,210.24695064,1
2797,0.5711145,0.54742016,0.50701598,0.69230904,0.60010716,11.89609424,12.00306438,1,1,210.24695064,1
2798,0.55227337,0.57210673,0.52858415,0.72846247,0.58073984,12.1837311,12.24210702,1,1,210.24695064,1
2799,0.55197181,0.57107011,0.5284551,0.68474193,0.59909649,12.04905511,12.13101526,1,1,210.24695064,1
2800,0.55911651,0.52659306,0.53369065,0.64105744,0.61687417,12.41215586,12.4862066,1,1,210.24695064,1
2801,0.53669306,0.52426261,0.55471491,0.67816917,0.59458801,11.97494715,12.02746138,1,1,210.24695064,1
2802,0.53811441,0.52025264,0.53506238,0.71460124,0.58109044,12.09900164,12.11458761,1,1,210.24695064,1
2803,0.52780016,0.53299208,0.54559716,0.75030896,0.55949608,11.70401857,11.81886885,1,1,210.24695064,1
2804,0.50818659,0.53430515,0.52692628,0.78530186,0.57761583,12.31560272,12.32699104,1,1,210.24695064,1
2805,0.50158453,0.53645779,0.53316908,0.739596,0.59606333,11.94016866,12.01538823,1,1,210.24695064,1
2806,0.50147542,0.53550489,0.53297193,0.6948428,0.57414207,11.82178165,11.87924962,1,1,210.24695064,1
2807,0.54792987,0.53442037,0.55445771,0.65094595,0.55265923,11.91366387,12.01252983,1,1,210.24695064,1
2808,0.55717635,0.55193457,0.54932813,0.60801825,0.53163654,12.12329309,12.13407544,1,1,210.24695064,1
2809,0.53496468,0.56965078,0.55077028,0.64585788,0.51157512,12.15160959,12.22694633,1,1,210.24695064,1
2810,0.52057395,0.57971978,0.52238781,0.68294072,0.49134368,12.05907202,12.15961762,1,1,210.24695064,1
2811,0.52325215,0.58050683,0.52769617,0.63928409,0.47151681,11.908152,11.91266261,1,1,210.24695064,1
2812,0.52399937,0.58151271,0.52758847,0.59649862,0.49208645,11.98356886,12.03547395,1,1,210.24695064,1
2813,0.49580763,0.53408572,0.54013887,0.55456865,0.47234544,11.7607622,11.76126102,1,1,210.24695064,1
2814,0.48287528,0.54919977,0.52793098,0.59347651,0.45289853,12.05116794,12.09660915,1,1,210.24695064,1
2815,0.47115582,0.54847201,0.53613077,0.63160696,0.43384264,12.19333854,12.23988922,1,1,210.24695064,1
2816,0.46933632,0.54066711,0.53948344,0.5889753,0.45516536,11.92868271,11.99324352,1,1,210.24695064,1
2817,0.48365028,0.52373065,0.54183002,0.62718727,0.43607361,12.20390257,12.28537873,1,1,210.24695064,1
2818,0.46348708,0.53419534,0.54136853,0.58464353,0.41735214,12.14032543,12.2338448,1,1,210.24695064,1
2819,0.46480107,0.51615695,0.52329575,0.54295066,0.39900512,11.9605227,12.01486049,1,1,210.24695064,1
2820,0.46461369,0.51692076,0.5229323,0.58207209,0.38102504,11.70388294,11.77945023,1,1,210.24695064,1
2821,0.45732529,0.59906568,0.53736622,0.61304784,0.40340319,11.95177309,11.97077669,1,1,210.24695064,1
2822,0.4659039,0.58402625,0.53083946,0.57078814,0.38533685,11.83620162,11.84594519,1,1,210.24695064,1
2823,0.48911155,0.58068613,0.52521466,0.52937239,0.36797729,12.14537279,12.21717649,1,1,210.24695064,1
2824,0.50274039,0.56275923,0.53242623,0.56542362,0.35065732,12.11684149,12.15638242,1,1,210.24695064,1
2825,0.50917288,0.56794443,0.54680955,0.60338411,0.33364683,11.94906178,12.01123412,1,1,210.24695064,1
2826,0.50886226,0.56926597,0.54684767,0.62725533,0.34500162,11.79176639,11.82746497,1,1,210.24695064,1
2827,0.4716959,0.57825657,0.55992965,0.64453001,0.36809551,12.51361228,12.56367098,1,1,210.24695064,1
2828,0.46295393,0.5548591,0.55816662,0.60412012,0.36169632,11.74663428,11.77887601,1,1,210.24695064,1
2829,0.46864896,0.55675162,0.55542294,0.64203772,0.38446078,12.0327482,12.13338864,1,1,210.24695064,1
2830,0.4599569,0.5481558,0.55407464,0.59922137,0.36677253,11.79872448,11.818047,1,1,210.24695064,1
2831,0.45868025,0.54243247,0.56759817,0.63723691,0.34943708,11.995046,12.07043825,1,1,210.24695064,1
2832,0.45774138,0.52066285,0.55220905,0.67432415,0.33245402,11.79691025,11.84953493,1,1,210.24695064,1
2833,0.46358614,0.51818407,0.54232344,0.71083735,0.33894931,11.81362547,11.86166185,1,1,210.24695064,1
2834,0.46027718,0.50265067,0.57124864,0.74660447,0.32250427,12.51432643,12.60773475,1,1,210.24695064,1
2835,0.46029935,0.50256496,0.57093878,0.70167244,0.30672785,11.51333525,11.60185818,1,1,210.24695064,1
2836,0.5414066,0.53260179,0.57316005,0.66054889,0.33059329,12.39651164,12.46674008,1,1,210.24695064,1
2837,0.52832117,0.5349708,0.58067524,0.61733933,0.3139858,12.08108352,12.19809163,1,1,210.24695064,1
2838,0.53286254,0.55905843,0.57128086,0.65499254,0.33770608,12.09730342,12.16610113,1,1,210.24695064,1
2839,0.53090395,0.56398156,0.5813325,0.65998598,0.36086188,11.95359306,12.06035122,1,1,210.24695064,1
2840,0.52240283,0.56754675,0.59157003,0.61678976,0.38353315,11.69808053,11.74600383,1,1,210.24695064,1
2841,0.52229362,0.57011491,0.58553177,0.65413295,0.40582395,12.15728665,12.26893171,1,1,210.24695064,1
2842,0.52196728,0.57425142,0.58541487,0.63025989,0.42770728,12.04481174,12.14275591,1,1,210.24695064,1
2843,0.47712344,0.56146497,0.61128973,0.58815957,0.40915313,12.26454511,12.35477371,1,1,210.24695064,1
2844,0.48406535,0.5572232,0.6108767,0.62639569,0.42511869,11.77610463,11.78069869,1,1,210.24695064,1
2845,0.49036543,0.55628672,0.61132349,0.66386684,0.44186648,12.17070481,12.27798313,1,1,210.24695064,1
2846,0.49270186,0.53214253,0.58710912,0.6205895,0.46254598,12.0982574,12.20771999,1,1,210.24695064,1
2847,0.49648121,0.55227134,0.59680612,0.65817769,0.46739632,12.09183692,12.20050731,1,1,210.24695064,1
2848,0.48389922,0.53308206,0.60124262,0.69335554,0.4480485,12.20038878,12.20755561,1,1,210.24695064,1
2849,0.48341406,0.53167715,0.60105732,0.64949141,0.46883013,11.93448008,11.964745,1,1,210.24695064,1
2850,0.53283991,0.57084345,0.59495766,0.68650149,0.44945364,12.0704794,12.14904009,1,1,210.24695064,1
2851,0.53411232,0.56918089,0.57836496,0.64285196,0.47046153,12.03223731,12.06673236,1,1,210.24695064,1
2852,0.54093598,0.57333975,0.57857856,0.59999493,0.4910523,12.25001611,12.36377474,1,1,210.24695064,1
2853,0.52562268,0.59557002,0.56918224,0.55802461,0.51123125,11.85693812,11.93025113,1,1,210.24695064,1
2854,0.52858269,0.59884648,0.55840754,0.5785188,0.49100663,12.16971942,12.2725065,1,1,210.24695064,1
2855,0.52800579,0.60074836,0.55847922,0.61568698,0.47118734,12.15952144,12.23048574,1,1,210.24695064,1
2856,0.50923022,0.62141534,0.55851744,0.65240727,0.45614677,11.94053336,11.95625356,1,1,210.24695064,1
2857,0.51018018,0.61480481,0.56370652,0.60935912,0.43702384,12.06777083,12.08856439,1,1,210.24695064,1
2858,0.52134657,0.58809389,0.55729228,0.64717192,0.45828336,11.75510447,11.86159745,1,1,210.24695064,1
2859,0.51268121,0.59404572,0.57487556,0.68422443,0.4787564,12.10355808,12.19540924,1,1,210.24695064,1
2860,0.5078371,0.57482659,0.57414548,0.72053082,0.49917545,11.94833629,12.05983422,1,1,210.24695064,1
2861,0.53152755,0.56177413,0.55308393,0.75612019,0.51919192,12.21067844,12.23429493,1,1,210.24695064,1
2862,0.5319094,0.56219188,0.55323599,0.79099779,0.49882973,12.15745116,12.23338864,1,1,210.24695064,1
2863,0.50523225,0.55014309,0.55533035,0.74527984,0.48679936,12.16777772,12.26967898,1,1,210.24695064,1
2864,0.51880331,0.53468558,0.56895182,0.73462205,0.46706358,12.13701598,12.17588951,1,1,210.24695064,1
2865,0.51790795,0.53316019,0.5661537,0.76992961,0.48219265,11.74137909,11.84774782,1,1,210.24695064,1
2866,0.50099024,0.54655246,0.54618378,0.72453653,0.46255259,11.76287955,11.82934717,1,1,210.24695064,1
2867,0.49713783,0.54326295,0.53385491,0.68328227,0.48330154,11.78371023,11.87816578,1,1,210.24695064,1
2868,0.49812426,0.54535781,0.53376112,0.71961033,0.46363551,11.8312441,11.83703412,1,1,210.24695064,1
2869,0.47581201,0.55308238,0.54324477,0.75521714,0.44531192,11.84656437,11.95719355,1,1,210.24695064,1
2870,0.47983342,0.54687901,0.56200088,0.78982956,0.46639329,12.15841227,12.23888965,1,1,210.24695064,1
2871,0.46949097,0.53863742,0.56083651,0.79442453,0.48705454,12.01334521,12.01373826,1,1,210.24695064,1
2872,0.4910167,0.51791281,0.55657766,0.74853881,0.46731358,11.84288342,11.85705325,1,1,210.24695064,1
2873,0.49495154,0.512358,0.5319164,0.78249416,0.44877961,11.74387288,11.78401339,1,1,210.24695064,1
2874,0.49536041,0.5120122,0.55230215,0.81667757,0.46555076,11.78988549,11.86977317,1,1,210.24695064,1
2875,0.49014751,0.51426652,0.55906761,0.85034402,0.48421071,12.31151055,12.33951771,1,1,210.24695064,1
2876,0.49069955,0.51490448,0.55870905,0.82399273,0.50452646,11.92859686,11.98799479,1,1,210.24695064,1
2877,0.46659693,0.50617795,0.55810346,0.77755265,0.52442655,11.74619154,11.78662413,1,1,210.24695064,1
2878,0.46569647,0.49945071,0.58176071,0.79076836,0.50393802,11.81146269,11.89455473,1,1,210.24695064,1
2879,0.46084837,0.49232549,0.56451148,0.82482118,0.49175,12.27860359,12.30026201,1,1,210.24695064,1
2880,0.47430344,0.48855215,0.58733181,0.85769488,0.511915,12.39228484,12.42690435,1,1,210.24695064,1
2881,0.46454118,0.48950258,0.56888245,0.81063125,0.4916767,11.99644733,12.07576048,1,1,210.24695064,1
2882,0.46790491,0.48753964,0.57530958,0.84441862,0.47184317,12.07468774,12.1796715,1,1,210.24695064,1
2883,0.45996194,0.45710443,0.58191157,0.87753022,0.45242021,11.96971821,12.03859242,1,1,210.24695064,1
2884,0.46599573,0.46964377,0.56573075,0.83002822,0.44381753,12.00645224,12.04027913,1,1,210.24695064,1
2885,0.46540245,0.47097416,0.5657356,0.84729541,0.4315774,11.85434807,11.87856435,1,1,210.24695064,1
2886,0.45342618,0.49536611,0.59113594,0.87757059,0.45292378,12.18074779,12.30000561,1,1,210.24695064,1
2887,0.46463926,0.48936613,0.5785967,0.83001918,0.45199003,12.06728202,12.17149771,1,1,210.24695064,1
2888,0.47262924,0.47472418,0.56501945,0.86328443,0.47287935,11.99965425,12.07625232,1,1,210.24695064,1
2889,0.46776369,0.46168678,0.56755162,0.89579729,0.49341585,12.22464952,12.29022948,1,1,210.24695064,1
2890,0.49321806,0.45537819,0.57503542,0.84951392,0.49764231,11.89748445,11.90625805,1,1,210.24695064,1
2891,0.50047244,0.44834182,0.57532286,0.88252364,0.48310112,12.04344515,12.13201117,1,1,210.24695064,1
2892,0.50308548,0.46079094,0.5637008,0.91487317,0.50341571,11.79815909,11.88925662,1,1,210.24695064,1
2893,0.50288244,0.46141596,0.56361054,0.92030109,0.48334838,11.95953088,12.02724378,1,1,210.24695064,1
2894,0.49327365,0.53176503,0.58702309,0.90753977,0.498439,12.06369314,12.10094595,1,1,210.24695064,1
2895,0.51153404,0.53530387,0.58042064,0.91653907,0.47847028,11.83894601,11.88867869,1,1,210.24695064,1
2896,0.5211182,0.51562093,0.57731232,0.87937636,0.49374253,12.10486854,12.16285222,1,1,210.24695064,1
2897,0.54915317,0.50179098,0.54380904,0.85605879,0.47386782,12.12854395,12.15603472,1,1,210.24695064,1
2898,0.54197019,0.49716265,0.53941727,0.88893755,0.49435565,11.9919806,12.10100873,1,1,210.24695064,1
2899,0.54172545,0.49655143,0.53912805,0.8411588,0.47448985,12.06332536,12.17693388,1,1,210.24695064,1
2900,0.49229928,0.48142712,0.54150722,0.79433562,0.45855414,12.24239861,12.2482538,1,1,210.24695064,1
2901,0.50255326,0.45854315,0.56153781,0.90661062,0.39266743,12.16667154,12.18651762,1,1,210.24695064,0
2902,0.51427528,0.45036084,0.55699845,0.77867955,0.44021703,12.04356386,12.08722215,1,1,210.24695064,0
2903,0.49088568,0.47390213,0.54034513,0.65370459,0.41771548,11.87670706,11.93256753,1,1,210.24695064,0
2904,0.51091158,0.45497533,0.53921267,0.53063104,0.47464139,11.53140238,11.58765391,1,1,210.24695064,0
2905,0.51123556,0.4550986,0.53892556,0.65001703,0.5339693,11.84306172,11.88585569,1,1,210.24695064,0
2906,0.52718159,0.48215841,0.52139681,0.74450574,0.47096917,11.89651956,11.93716961,1,1,210.24695064,0
2907,0.49412403,0.5532352,0.52219822,0.85863719,0.52607784,11.99518778,12.00405096,1,1,210.24695064,0
2908,0.44158424,0.64299591,0.47237465,0.73148094,0.4589051,12.23994863,12.25875993,1,1,210.24695064,0
2909,0.38612416,0.68501469,0.45395811,0.60685149,0.51157121,12.20741583,12.2563775,1,1,210.24695064,0
2910,0.35863789,0.74249656,0.44547993,0.62385276,0.4494798,11.95860777,12.04865486,1,1,210.24695064,0
2911,0.35818884,0.74391957,0.44545728,0.74119539,0.38700682,12.16427945,12.22552781,1,1,210.24695064,0
2912,0.39441372,0.77771985,0.48342911,0.85505753,0.34197144,12.0969103,12.16436053,1,1,210.24695064,0
2913,0.47876047,0.72429237,0.52128717,0.96382213,0.39486978,11.80114931,11.85169786,1,1,210.24695064,0
2914,0.55483512,0.67439303,0.53151827,1,0.44045135,12.04877288,12.09236502,1,1,210.24695064,0
2915,0.65183447,0.58838704,0.57799237,1,0.49045107,12.02190663,12.06412088,1,1,210.24695064,0
2916,0.72016333,0.55808454,0.59886114,0.87001858,0.44523737,11.82195625,11.89218075,1,1,210.24695064,0
2917,0.78947631,0.49665247,0.61756486,0.9826182,0.38068968,11.77731002,11.88300717,1,1,210.24695064,0
2918,0.78948976,0.4974223,0.61745071,1,0.36492753,11.99599873,12.00930491,1,1,210.24695064,1
2919,0.83677555,0.46122124,0.64599096,0.9570918,0.37096633,11.70304161,11.74170787,1,1,210.24695064,1
2920,0.83743326,0.46476867,0.64655001,0.90794998,0.39252315,11.99889595,11.99917106,1,1,210.24695064,1
2921,0.7897029,0.48224915,0.61549169,0.85999364,0.41467266,11.67707375,11.68012923,1,1,210.24695064,1
2922,0.81521267,0.49256981,0.63538709,0.89264918,0.40880509,12.13085834,12.21461657,1,1,210.24695064,1
2923,0.76238102,0.49752203,0.62009941,0.84495561,0.43052077,12.27321606,12.36643316,1,1,210.24695064,1
2924,0.74079346,0.50873772,0.61129847,0.7980565,0.41856412,11.87138669,11.87768202,1,1,210.24695064,1
2925,0.74460426,0.51661068,0.61213821,0.75209541,0.44015693,12.11599572,12.16990905,1,1,210.24695064,1
2926,0.71243953,0.51327222,0.62663786,0.7070535,0.46135348,12.0779926,12.15813346,1,1,210.24695064,1
2927,0.69518578,0.5172658,0.63685669,0.74291216,0.44212642,11.94333492,11.9492383,1,1,210.24695064,1
2928,0.71590488,0.53574174,0.6281463,0.77590374,0.4232839,12.06808322,12.13806314,1,1,210.24695064,1
2929,0.69253813,0.53399986,0.63854405,0.79642178,0.44452597,11.98707583,11.99124419,1,1,210.24695064,1
2930,0.6715685,0.5570657,0.6097948,0.75049339,0.42563555,11.95354576,11.99672343,1,1,210.24695064,1
2931,0.67194816,0.55795377,0.61006712,0.78534347,0.40712613,12.38141204,12.49461834,1,1,210.24695064,1
2932,0.6582071,0.51559249,0.6379669,0.73965403,0.42068645,11.72785475,11.83647814,1,1,210.24695064,1
2933,0.63730785,0.51503725,0.6310029,0.77411675,0.4422721,11.767706,11.80008335,1,1,210.24695064,1
2934,0.63946371,0.50454591,0.63953675,0.80863379,0.46332106,12.02833197,12.02994482,1,1,210.24695064,1
2935,0.62067944,0.51833096,0.61237583,0.7624639,0.48405462,11.76241918,11.86369573,1,1,210.24695064,1
2936,0.63234796,0.51868392,0.62919858,0.78760344,0.46690767,11.93553363,12.01625996,1,1,210.24695064,1
2937,0.6030387,0.5107536,0.62983814,0.74185179,0.48752676,11.98372992,12.10035452,1,1,210.24695064,1
2938,0.60617304,0.50553835,0.60319437,0.77700527,0.50766649,12.100356,12.11248693,1,1,210.24695064,1
2939,0.58498742,0.51871768,0.61808198,0.81132261,0.52226918,11.98085569,11.99548682,1,1,210.24695064,1
2940,0.6011124,0.49495235,0.60308162,0.80207804,0.54031301,11.78349126,11.81303551,1,1,210.24695064,1
2941,0.60121666,0.49555651,0.60300406,0.83385746,0.55947199,11.95428544,12.05905762,1,1,210.24695064,1
2942,0.57987211,0.43988729,0.61060714,0.86459333,0.53828416,11.91548157,11.98784882,1,1,210.24695064,1
2943,0.5759526,0.43622636,0.60744377,0.89730145,0.51751848,12.21548556,12.24892173,1,1,210.24695064,1
2944,0.56409418,0.4341786,0.62432295,0.84935543,0.5243546,12.32177744,12.40878919,1,1,210.24695064,1
2945,0.55487721,0.4491284,0.62757754,0.80236832,0.50391267,11.7926256,11.88964877,1,1,210.24695064,1
2946,0.54301329,0.43360369,0.59843242,0.75632197,0.48602089,12.01563303,12.04097862,1,1,210.24695064,1
2947,0.54437971,0.44305833,0.60669088,0.71131998,0.48381854,12.0269931,12.14560877,1,1,210.24695064,1
2948,0.54519577,0.44447165,0.60706693,0.74709217,0.50413416,11.75127898,11.85974255,1,1,210.24695064,1
2949,0.5874124,0.44622396,0.61976665,0.70215033,0.48406445,11.79667957,11.81891093,1,1,210.24695064,1
2950,0.59096257,0.44723122,0.61337749,0.65810734,0.50438313,12.17485374,12.26085225,1,1,210.24695064,1
2951,0.59196594,0.47740742,0.62548073,0.69494513,0.5074629,11.91098216,11.96447474,1,1,210.24695064,1
2952,0.57214643,0.47045596,0.62865779,0.65982709,0.5269599,12.19367324,12.20621782,1,1,210.24695064,1
2953,0.57643694,0.4887431,0.62073161,0.69631633,0.54642028,11.8780675,11.91883868,1,1,210.24695064,1
2954,0.56421487,0.50276248,0.62845423,0.7323863,0.56333443,11.86542717,11.93583673,1,1,210.24695064,1
2955,0.57584559,0.50025051,0.62800928,0.76397853,0.54248546,12.50197168,12.6000408,1,1,210.24695064,1
2956,0.56170211,0.51358758,0.62338219,0.71945957,0.5594642,11.99570783,12.05697885,1,1,210.24695064,1
2957,0.5458042,0.51108706,0.59640334,0.75507026,0.53827492,11.67737265,11.74795184,1,1,210.24695064,1
2958,0.54670358,0.51056483,0.59639659,0.71023464,0.55638131,12.37952904,12.40138475,1,1,210.24695064,1
2959,0.5499837,0.46550176,0.62818721,0.66603616,0.53527162,11.84371176,11.89272034,1,1,210.24695064,1
2960,0.55139925,0.46773096,0.61063132,0.62271544,0.55456619,12.01037138,12.08874524,1,1,210.24695064,1
2961,0.5414586,0.48634565,0.60763799,0.61697242,0.53397469,12.36872792,12.39200099,1,1,210.24695064,1
2962,0.51557517,0.48156121,0.60052764,0.65341183,0.5132952,12.14659457,12.20707086,1,1,210.24695064,1
2963,0.49851398,0.48765058,0.60760321,0.61034375,0.49443502,12.01804522,12.08777175,1,1,210.24695064,1
2964,0.50017218,0.48492413,0.59101724,0.64810381,0.50937778,12.11035624,12.20902652,1,1,210.24695064,1
2965,0.50028402,0.48382847,0.59136298,0.68514166,0.48919023,11.81625048,11.82706496,1,1,210.24695064,1
2966,0.47444589,0.52117785,0.60107005,0.7214385,0.46940648,12.12097124,12.15600751,1,1,210.24695064,1
2967,0.47897409,0.51609955,0.57067134,0.75700627,0.4515004,11.96859661,12.01973991,1,1,210.24695064,1
2968,0.47657097,0.49702961,0.55796439,0.71186642,0.47087456,11.93434772,11.96378586,1,1,210.24695064,1
2969,0.48781636,0.49678437,0.5561408,0.66765878,0.49145706,12.26199742,12.29969917,1,1,210.24695064,1
2970,0.50023963,0.49870739,0.55997778,0.6243056,0.51162792,11.91510924,11.97532981,1,1,210.24695064,1
2971,0.50017487,0.49994041,0.55971597,0.58184015,0.49232475,12.19395438,12.22646491,1,1,210.24695064,1
2972,0.55729628,0.53794935,0.56318553,0.62013729,0.47247872,11.80078187,11.88079527,1,1,210.24695064,1
2973,0.556278,0.5598744,0.57643533,0.57773568,0.47949774,11.96880876,12.00869937,1,1,210.24695064,1
2974,0.54893859,0.55265073,0.57103922,0.53618097,0.4599081,12.24254057,12.31939891,1,1,210.24695064,1
2975,0.55655584,0.54973796,0.56177104,0.4954826,0.45243021,12.16875915,12.27732685,1,1,210.24695064,1
2976,0.56560399,0.5569476,0.56562255,0.45658373,0.47335389,11.89126534,11.96110795,1,1,210.24695064,1
2977,0.56547394,0.55622782,0.56595051,0.41815147,0.49388681,11.83624324,11.95281898,1,1,210.24695064,1
2978,0.54091932,0.51679161,0.56993578,0.45514279,0.51400873,11.69608361,11.69827366,1,1,210.24695064,1
2979,0.55568731,0.5233148,0.58049068,0.4960399,0.49563538,12.01411005,12.1030956,1,1,210.24695064,1
2980,0.53586288,0.5176009,0.56575605,0.53542947,0.47751668,11.89632336,12.00253574,1,1,210.24695064,1
2981,0.51945215,0.52330035,0.57645065,0.57472088,0.49579218,12.07986473,12.15662316,1,1,210.24695064,1
2982,0.53681137,0.53234965,0.5784639,0.61322646,0.50499856,11.95785776,12.01361296,1,1,210.24695064,1
2983,0.51389653,0.53091822,0.5681965,0.58482324,0.52489853,12.09479287,12.1228987,1,1,210.24695064,1
2984,0.51616007,0.53154079,0.55598241,0.6229967,0.54436091,12.07543331,12.07973668,1,1,210.24695064,1
2985,0.51668469,0.53088001,0.55579746,0.65945162,0.56347256,11.98182353,12.03962532,1,1,210.24695064,1
2986,0.4733012,0.54523264,0.57952552,0.69626259,0.58210335,12.15301302,12.15751301,1,1,210.24695064,1
2987,0.47169384,0.52565238,0.57446524,0.70512018,0.59053621,11.79006725,11.89239568,1,1,210.24695064,1
2988,0.48828966,0.51307286,0.56262112,0.66227738,0.56876481,11.85970088,11.880262,1,1,210.24695064,1
2989,0.4781339,0.50356506,0.58089692,0.63663946,0.54738952,12.25767052,12.33374962,1,1,210.24695064,1
2990,0.49981819,0.49386589,0.57254685,0.59394212,0.52699056,12.29887328,12.29965968,1,1,210.24695064,1
2991,0.48935538,0.50430593,0.57028591,0.62806564,0.54645075,11.82413336,11.93541878,1,1,210.24695064,1
2992,0.48179544,0.48064104,0.55050245,0.66550433,0.52552269,12.36929243,12.46551662,1,1,210.24695064,1
2993,0.48221343,0.48101452,0.55048708,0.70039511,0.54501224,11.53337013,11.63157947,1,1,210.24695064,1
2994,0.55833613,0.51190742,0.57783251,0.73638721,0.52791584,12.29927688,12.31069928,1,1,210.24695064,1
2995,0.56999359,0.51120452,0.57622521,0.7567113,0.54735752,11.96937759,12.01200192,1,1,210.24695064,1
2996,0.55075931,0.51867765,0.58018148,0.78976268,0.52922251,12.03898654,12.06406302,1,1,210.24695064,1
2997,0.55583341,0.5436036,0.54736085,0.74396743,0.50868846,11.98167159,12.00896413,1,1,210.24695064,1
2998,0.56493823,0.52919423,0.56791328,0.69947494,0.48851469,12.31284619,12.3353658,1,1,210.24695064,1
2999,0.558807,0.55339075,0.56559195,0.65624091,0.4689955,12.07358984,12.15159736,1,1,210.24695064,1
3000,0.52966889,0.5634824,0.5769432,0.69311609,0.48961349,11.92748372,12.00598358,1,1,210.24695064,1
3001,0.53724589,0.5598466,0.55033001,0.64925377,0.46982124,12.11938028,12.13866795,1,1,210.24695064,1
3002,0.53774158,0.55721047,0.55066735,0.68626836,0.45414266,12.23150911,12.31230629,1,1,210.24695064,1
3003,0.54572711,0.49782304,0.57198318,0.72254299,0.43505981,11.78125501,11.83564048,1,1,210.24695064,1
3004,0.51671638,0.50865513,0.56236875,0.75776055,0.45635796,11.89356193,11.93848622,1,1,210.24695064,1
3005,0.50606864,0.52698292,0.55803297,0.71260808,0.4772308,11.73362063,11.79822423,1,1,210.24695064,1
3006,0.50917407,0.5179759,0.55428285,0.66898217,0.49765984,11.88703858,11.99631359,1,1,210.24695064,1
3007,0.50209194,0.54441548,0.53631674,0.70554998,0.51770664,11.83999143,11.8617143,1,1,210.24695064,1
3008,0.50205256,0.54629636,0.53630726,0.74143895,0.53729383,12.36233734,12.4055353,1,1,210.24695064,1
3009,0.49155536,0.56974668,0.53006753,0.77659969,0.51654795,12.24013514,12.2880157,1,1,210.24695064,1
3010,0.47665927,0.55715865,0.52148379,0.81106334,0.49718255,11.89175261,11.92759756,1,1,210.24695064,1
3011,0.49129316,0.55864904,0.52640395,0.84456195,0.47723897,11.90130246,11.90578934,1,1,210.24695064,1
3012,0.50901741,0.56959733,0.53046687,0.81280691,0.49768691,11.87335508,11.93209302,1,1,210.24695064,1
3013,0.50905677,0.57067501,0.53073339,0.84649218,0.51773317,11.90166211,11.94836728,1,1,210.24695064,1
3014,0.46604947,0.57985837,0.54074072,0.8030651,0.50441254,12.19632955,12.20240517,1,1,210.24695064,1
3015,0.4823013,0.55375815,0.54856879,0.79474912,0.48434784,12.21096993,12.25454944,1,1,210.24695064,1
3016,0.4909554,0.54590082,0.54340997,0.82885414,0.50410194,12.31111242,12.37697427,1,1,210.24695064,1
3017,0.48201634,0.55140502,0.5323231,0.7823275,0.4840199,12.08535611,12.10428148,1,1,210.24695064,1
3018,0.47905214,0.53373223,0.54427141,0.81668081,0.47492601,12.06146711,12.14330871,1,1,210.24695064,1
3019,0.48792113,0.52518901,0.55812442,0.77034723,0.45542756,11.74503388,11.81510691,1,1,210.24695064,1
3020,0.48805694,0.52621708,0.52775786,0.8049399,0.47631901,12.21983268,12.32778166,1,1,210.24695064,1
3021,0.48570029,0.5292903,0.55110287,0.75886245,0.45679264,11.94796768,11.9906578,1,1,210.24695064,1
3022,0.48557786,0.52772209,0.55085792,0.71461553,0.47765678,11.92464316,12.03340982,1,1,210.24695064,1
3023,0.47765769,0.54234706,0.57746111,0.67038899,0.46732083,12.04516356,12.10291574,1,1,210.24695064,1
3024,0.48224959,0.54606047,0.55097424,0.62698121,0.44797444,11.98788992,12.08682094,1,1,210.24695064,1
3025,0.48156567,0.52968821,0.57226751,0.66355441,0.46901493,12.04865169,12.07933251,1,1,210.24695064,1
3026,0.47965767,0.52095669,0.55712776,0.62030638,0.44963468,11.79668525,11.91399393,1,1,210.24695064,1
3027,0.48461115,0.50539579,0.54980202,0.65779251,0.45057035,12.18424314,12.27193257,1,1,210.24695064,1
3028,0.49436474,0.50388704,0.56895348,0.67595308,0.47139869,12.05402697,12.13460767,1,1,210.24695064,1
3029,0.49457838,0.50419506,0.56910637,0.69901894,0.49190374,12.04020042,12.0777313,1,1,210.24695064,1
3030,0.52322943,0.55322176,0.57080768,0.73287057,0.47377828,11.75424863,11.77089309,1,1,210.24695064,1
3031,0.54356302,0.57832689,0.57680144,0.68821644,0.45439951,12.09121229,12.14586022,1,1,210.24695064,1
3032,0.54412497,0.56687177,0.55868664,0.64445211,0.43531154,12.0413461,12.14213694,1,1,210.24695064,1
3033,0.55254832,0.57238833,0.55459075,0.68124352,0.41834957,12.741705,12.79779005,1,1,210.24695064,1
3034,0.56077117,0.55710193,0.54717819,0.71761595,0.39998323,12.05982766,12.10925668,1,1,210.24695064,1
3035,0.56159766,0.55847737,0.54740858,0.67372885,0.39525245,12.18952141,12.29685224,1,1,210.24695064,1
3036,0.6120544,0.54630403,0.55920446,0.70998406,0.37734786,11.98526336,12.05401042,1,1,210.24695064,1
3037,0.62253198,0.54655297,0.56807428,0.74578438,0.39901492,12.10673935,12.21769758,1,1,210.24695064,1
3038,0.59938756,0.55050368,0.57101948,0.70086869,0.41818883,12.06636752,12.10775545,1,1,210.24695064,1
3039,0.58316275,0.57952711,0.56878664,0.65981746,0.39982506,12.30423104,12.39123454,1,1,210.24695064,1
3040,0.59253162,0.5916656,0.56500252,0.61690763,0.38182965,12.431468,12.46277231,1,1,210.24695064,1
3041,0.57620172,0.57808648,0.56781123,0.57491092,0.40419306,12.14058817,12.20552676,1,1,210.24695064,1
3042,0.57434846,0.61631634,0.56679049,0.60014268,0.38614713,12.04072796,12.08601369,1,1,210.24695064,1
3043,0.5736743,0.61891311,0.56650878,0.57265734,0.38672535,11.97711994,12.05441321,1,1,210.24695064,1
3044,0.56201986,0.58236337,0.59458314,0.61120413,0.39184388,12.31516703,12.41387548,1,1,210.24695064,1
3045,0.55048215,0.58340535,0.57472408,0.56898302,0.41400653,12.04906433,12.06524854,1,1,210.24695064,1
3046,0.55067356,0.58636407,0.58683355,0.52854374,0.43572353,12.22814735,12.30908836,1,1,210.24695064,1
3047,0.53806242,0.58487434,0.58431464,0.48910349,0.45510968,11.94682936,12.03296301,1,1,210.24695064,1
3048,0.53936013,0.60512655,0.5695633,0.51065279,0.43600754,11.89002534,11.95491499,1,1,210.24695064,1
3049,0.53569339,0.60285858,0.57690944,0.50390675,0.45726942,12.09479487,12.1963393,1,1,210.24695064,1
3050,0.53596697,0.6049871,0.57704586,0.54072338,0.43812404,12.09258535,12.11570641,1,1,210.24695064,1
3051,0.50591536,0.59213381,0.60746114,0.57582455,0.4242913,11.78614898,11.80019304,1,1,210.24695064,1
3052,0.4995925,0.60134974,0.60449494,0.61234925,0.40580549,11.97980089,12.020238,1,1,210.24695064,1
3053,0.51581112,0.57932134,0.58001245,0.57011094,0.41028104,11.99382826,12.07950469,1,1,210.24695064,1
3054,0.49704154,0.57114044,0.59299221,0.52871041,0.4320307,12.43681275,12.56091924,1,1,210.24695064,1
3055,0.51895444,0.57119948,0.57008348,0.56813517,0.45338036,11.72081118,11.7422653,1,1,210.24695064,1
3056,0.51445201,0.55384624,0.59391648,0.52677253,0.47431136,12.06248199,12.15559689,1,1,210.24695064,1
3057,0.50865928,0.56839015,0.57081883,0.48628694,0.49482495,12.04778644,12.10447718,1,1,210.24695064,1
3058,0.5083246,0.56697859,0.57102836,0.52655806,0.51364407,11.83365226,11.89167034,1,1,210.24695064,1
3059,0.49771149,0.59422121,0.59340731,0.50725761,0.53334455,11.99716826,12.10040916,1,1,210.24695064,1
3060,0.49732215,0.55848762,0.57254546,0.54711239,0.51267768,11.82106278,11.91268563,1,1,210.24695064,1
3061,0.47930479,0.57421071,0.57443033,0.58617,0.53241002,12.36034683,12.36507557,1,1,210.24695064,1
3062,0.49909791,0.56463642,0.57932957,0.62442838,0.55176182,12.07958413,12.15355416,1,1,210.24695064,1
3063,0.49072721,0.54802375,0.56843523,0.58621265,0.56409682,12.03492834,12.1179093,1,1,210.24695064,1
3064,0.48773211,0.52089254,0.56935779,0.62422601,0.58073374,11.87762294,11.94909449,1,1,210.24695064,1
3065,0.48747963,0.52322833,0.57815047,0.5817669,0.56106804,11.61833266,11.66056051,1,1,210.24695064,1
3066,0.49050457,0.51243722,0.57824154,0.54013156,0.55335153,11.99638234,12.10520729,1,1,210.24695064,1
3067,0.51359419,0.51868275,0.57943473,0.57176902,0.5722845,12.05317815,12.10159891,1,1,210.24695064,1
3068,0.51268973,0.51899213,0.57953977,0.61029792,0.59045988,11.98403841,12.10062758,1,1,210.24695064,1
3069,0.56733346,0.49841722,0.57777835,0.56809196,0.6086392,11.95349454,11.98532484,1,1,210.24695064,1
3070,0.55063093,0.51995196,0.54205314,0.58838361,0.58649778,11.8082914,11.87751263,1,1,210.24695064,1
3071,0.54409759,0.51324807,0.5017976,0.54661598,0.6047678,11.78220679,11.85965182,1,1,210.24695064,1
3072,0.53209055,0.52503643,0.47923573,0.50571182,0.58267247,12.16937749,12.22069554,1,1,210.24695064,1
3073,0.53219882,0.5237509,0.47933299,0.50596636,0.56112967,12.35363121,12.46368715,1,1,210.24695064,1
3074,0.57019569,0.50041162,0.49537375,0.46589621,0.57990546,11.7190822,11.76783641,1,1,210.24695064,1
3075,0.56860238,0.49042374,0.50537379,0.42657838,0.55830735,12.14881792,12.22746359,1,1,210.24695064,1
3076,0.55465179,0.50536867,0.50718327,0.46755185,0.5771412,12.10822553,12.21106634,1,1,210.24695064,1
3077,0.54423141,0.53479938,0.49281424,0.49303369,0.59473197,11.77066239,11.81879953,1,1,210.24695064,1
3078,0.54043788,0.52793412,0.48905566,0.45317302,0.60036705,12.43970601,12.52786277,1,1,210.24695064,1
3079,0.53978321,0.52553116,0.48929083,0.49287498,0.61819002,11.9443015,12.03031171,1,1,210.24695064,1
3080,0.58596544,0.49001076,0.51578999,0.45301748,0.61529895,12.06581335,12.06961164,1,1,210.24695064,1
3081,0.55335781,0.48727688,0.50494788,0.49395713,0.59299297,12.1608486,12.25413363,1,1,210.24695064,1
3082,0.55852345,0.4849343,0.50306918,0.50403629,0.61113311,12.01643803,12.12050307,1,1,210.24695064,1
3083,0.52974729,0.52165186,0.51888758,0.46395556,0.62891045,12.29991327,12.39332272,1,1,210.24695064,1
3084,0.53178134,0.51186763,0.50154729,0.50467582,0.60726076,12.15768746,12.19528679,1,1,210.24695064,1
3085,0.53047082,0.53753104,0.50787639,0.4689379,0.58552444,12.14397733,12.14707737,1,1,210.24695064,1
3086,0.53067784,0.5371739,0.50826247,0.49670076,0.60381183,11.94266379,12.04709738,1,1,210.24695064,1
3087,0.61362673,0.52537078,0.51691619,0.45730116,0.62173559,12.10940044,12.11930238,1,1,210.24695064,1
3088,0.59992427,0.56289052,0.53132225,0.49787491,0.59930088,11.74795613,11.86296052,1,1,210.24695064,1
3089,0.58164328,0.54414351,0.52283729,0.45791742,0.61016423,12.07783402,12.11161398,1,1,210.24695064,1
3090,0.5757401,0.55624645,0.52714209,0.42275022,0.6279609,12.05481244,12.11762058,1,1,210.24695064,1
3091,0.57613615,0.57931353,0.5252848,0.46429522,0.61699143,11.89559915,11.8966541,1,1,210.24695064,1
3092,0.5525521,0.56697585,0.53054788,0.43477541,0.6346516,11.84057114,11.87535663,1,1,210.24695064,1
3093,0.55269281,0.5682022,0.53014007,0.41609049,0.61510841,12.21673153,12.27823996,1,1,210.24695064,1
3094,0.61400135,0.53056796,0.54104831,0.3777881,0.63271333,11.89643798,11.95909421,1,1,210.24695064,1
3095,0.58383517,0.53635045,0.53360194,0.41668497,0.65005886,12.16591753,12.25538736,1,1,210.24695064,1
3096,0.57786706,0.54897776,0.55207824,0.44173013,0.62706143,11.87518704,11.93466688,1,1,210.24695064,1
3097,0.58207751,0.55333963,0.55457018,0.48287536,0.60452094,12.10465788,12.22082727,1,1,210.24695064,1
3098,0.54309069,0.57262941,0.55592821,0.36321786,0.66486161,11.85132749,11.91667913,1,1,210.24695064,0
3099,0.56420656,0.59582119,0.54000748,0.47056869,0.60759725,11.89927975,11.92516236,1,1,210.24695064,0
3100,0.56365712,0.59463884,0.54021181,0.59115719,0.66818588,12.13333414,12.24617573,1,1,210.24695064,0
3101,0.48688124,0.50062257,0.51961986,0.51405686,0.60636321,11.5908259,11.69972047,1,1,210.24695064,0
3102,0.41642141,0.47182241,0.48121603,0.62477522,0.66508301,12.0716022,12.13640102,1,1,210.24695064,0
3103,0.31843073,0.44236075,0.44474137,0.50227972,0.72258751,12.30547643,12.37499362,1,1,210.24695064,0
3104,0.26015016,0.40917711,0.4022021,0.62222475,0.66269802,12.12630989,12.13014572,1,1,210.24695064,0
3105,0.21096973,0.38253493,0.37637385,0.68966872,0.60025353,11.94091095,11.97520986,1,1,210.24695064,0
3106,0.2111677,0.38288693,0.37631047,0.56591168,0.65646012,11.86617525,11.90970841,1,1,210.24695064,0
3107,0.29480269,0.46467547,0.43200563,0.68459341,0.71514171,11.97891777,11.99123737,1,1,210.24695064,0
3108,0.39700945,0.44378478,0.47287431,0.56093148,0.65144991,12.00030422,12.0107125,1,1,210.24695064,0
3109,0.49523229,0.41837842,0.53583536,0.43971285,0.70804048,12.29306439,12.35572295,1,1,210.24695064,0
3110,0.61891499,0.39082247,0.58704136,0.55412016,0.76924622,11.79856804,11.90334831,1,1,210.24695064,0
3111,0.72959146,0.3802416,0.64258525,0.43304415,0.71014788,11.70389557,11.78855955,1,1,210.24695064,0
3112,0.75789456,0.36061414,0.66393624,0.55438327,0.651487,12.19310361,12.27392187,1,1,210.24695064,0
3113,0.7575379,0.35607928,0.66412368,0.43566387,0.59044311,12.16923318,12.18860392,1,1,210.24695064,0
3114,0.75301755,0.36425731,0.63768843,0.31883921,0.61322456,12.23224519,12.30006526,1,1,210.24695064,0
3115,0.68103643,0.42918302,0.58392268,0.20283263,0.65158539,12.01982235,12.03773736,1,1,210.24695064,0
3116,0.5655797,0.47068348,0.53001908,0.32420509,0.59752874,11.80911448,11.92143679,1,1,210.24695064,0
3117,0.49480394,0.55017088,0.47509747,0.20773335,0.54104645,11.81377676,11.84650037,1,1,210.24695064,0
3118,0.40398335,0.58826403,0.45224536,0.32155687,0.60689178,12.02527589,12.04143654,1,1,210.24695064,0
3119,0.37558425,0.63249637,0.41707571,0.44512573,0.67046053,12.26605353,12.31556295,1,1,210.24695064,0
3120,0.37503836,0.63027414,0.41677463,0.56622322,0.73155802,11.86145707,11.91064539,1,1,210.24695064,0
3121,0.44274511,0.66822013,0.48352116,0.67882649,0.67023356,11.76835148,11.83577275,1,1,210.24695064,0
3122,0.52332995,0.6368,0.52023263,0.55524996,0.61406284,11.95360139,12.05415874,1,1,210.24695064,0
3123,0.64579591,0.59763469,0.56792385,0.43414507,0.55337847,12.06116031,12.17908156,1,1,210.24695064,0
3124,0.74558687,0.55083358,0.61212895,0.55543674,0.61429889,11.95309667,11.95370263,1,1,210.24695064,0
3125,0.77174207,0.51197554,0.65917971,0.43432801,0.55319233,12.15664243,12.21006786,1,1,210.24695064,0
3126,0.7717642,0.50897834,0.65922031,0.55564145,0.49453764,11.8663403,11.97036545,1,1,210.24695064,0
3127,0.69262672,0.43631308,0.6175918,0.50832069,0.54691276,11.7593086,11.796366,1,1,210.24695064,0
3128,0.60859228,0.42160751,0.57880615,0.38826168,0.6067444,12.17783241,12.25801147,1,1,210.24695064,0
3129,0.48954932,0.39615587,0.50185005,0.51049643,0.66878728,12.06010117,12.15134086,1,1,210.24695064,0
3130,0.37085039,0.38140605,0.42566397,0.56974805,0.60879133,12.10295603,12.21901512,1,1,210.24695064,0
3131,0.28296497,0.34852271,0.36990542,0.4494924,0.66739569,11.723036,11.77167131,1,1,210.24695064,0
3132,0.22350916,0.35291894,0.34543926,0.56549792,0.72465316,12.25609718,12.29963147,1,1,210.24695064,0
3133,0.22322348,0.34906449,0.34585741,0.44418802,0.6638469,12.28076736,12.28941717,1,1,210.24695064,0
3134,0.34104491,0.46732974,0.41948549,0.32530428,0.72419019,12.00218861,12.10202759,1,1,210.24695064,0
3135,0.42558956,0.47388833,0.48002302,0.20879819,0.7876465,11.94514456,11.99921815,1,1,210.24695064,0
3136,0.54711399,0.50525516,0.53857169,0.32763738,0.73413382,11.98976881,12.10299512,1,1,210.24695064,0
3137,0.66894503,0.54274402,0.61456785,0.29108769,0.70945115,11.84879478,11.89825919,1,1,210.24695064,1
3138,0.73039635,0.54953438,0.69754468,0.33525697,0.68543084,12.05973797,12.13347367,1,1,210.24695064,1
3139,0.77762478,0.5521778,0.72146244,0.37853383,0.70171917,12.08809177,12.10169533,1,1,210.24695064,1
3140,0.77808428,0.54772972,0.72121493,0.34096315,0.71768464,11.86946003,11.89306578,1,1,210.24695064,1
3141,0.81302915,0.45827485,0.72904611,0.36030561,0.73333095,12.13620089,12.16765367,1,1,210.24695064,1
3142,0.80276884,0.48109567,0.76018212,0.32319457,0.74866268,12.02138606,12.1386436,1,1,210.24695064,1
3143,0.77568727,0.47120356,0.73648917,0.28676845,0.72632922,11.70324628,11.77969742,1,1,210.24695064,1
3144,0.75696661,0.48007338,0.74204983,0.251053,0.73384905,12.18113592,12.18791018,1,1,210.24695064,1
3145,0.72688691,0.4836611,0.71724507,0.29603184,0.70917207,11.95982371,11.97583739,1,1,210.24695064,1
3146,0.71516527,0.49110864,0.70979817,0.26063066,0.68498863,12.00997082,12.11826043,1,1,210.24695064,1
3147,0.72235028,0.50908821,0.70783691,0.30475512,0.66128926,12.12550016,12.21715472,1,1,210.24695064,1
3148,0.68586421,0.50224213,0.71536888,0.34859154,0.63806347,12.13726417,12.1936042,1,1,210.24695064,1
3149,0.66002896,0.51387195,0.70211526,0.31161974,0.6153022,11.91669726,11.95233964,1,1,210.24695064,1
3150,0.67942121,0.50373313,0.71111033,0.27541249,0.59865679,11.87962239,11.88384429,1,1,210.24695064,1
3151,0.66109886,0.52492612,0.71796803,0.31990139,0.57694425,12.24186409,12.29481204,1,1,210.24695064,1
3152,0.66060019,0.52304571,0.71812343,0.28350336,0.58078158,11.88077899,11.9260848,1,1,210.24695064,1
3153,0.67031085,0.47879004,0.74086017,0.32771354,0.5593895,12.25415283,12.31586194,1,1,210.24695064,1
3154,0.67618822,0.48357534,0.72612421,0.29119864,0.57820171,11.81839677,11.87682713,1,1,210.24695064,1
3155,0.63078328,0.5078272,0.72405501,0.33537237,0.55663858,12.21180753,12.31071241,1,1,210.24695064,1
3156,0.6245921,0.49317201,0.70525522,0.31608131,0.57410276,11.8760302,11.97186681,1,1,210.24695064,1
3157,0.61649914,0.49786403,0.7084749,0.3415049,0.5526207,11.9078993,11.95010571,1,1,210.24695064,1
3158,0.61752216,0.49751461,0.69435911,0.30467485,0.5317837,11.88881032,11.98715261,1,1,210.24695064,1
3159,0.58686576,0.504053,0.72802984,0.26860269,0.55019945,11.69857832,11.7166688,1,1,210.24695064,1
3160,0.60541025,0.49820604,0.70872751,0.313002,0.52923741,11.95607383,12.04911646,1,1,210.24695064,1
3161,0.60573876,0.49752802,0.70915781,0.27681845,0.50866091,12.18788902,12.29363785,1,1,210.24695064,1
3162,0.63730775,0.4536615,0.72295723,0.32128122,0.48873902,12.02875287,12.09984721,1,1,210.24695064,1
3163,0.60735491,0.46327059,0.7178296,0.3387791,0.50896424,12.16091005,12.25767686,1,1,210.24695064,1
3164,0.60865022,0.48551632,0.72854984,0.30200404,0.488785,11.88007268,11.93759399,1,1,210.24695064,1
3165,0.58752054,0.50028776,0.69533605,0.29594478,0.50878037,11.99610307,12.05883143,1,1,210.24695064,1
3166,0.57781777,0.49075287,0.72010562,0.26003102,0.48933457,12.08583915,12.18530649,1,1,210.24695064,1
3167,0.55886952,0.49494473,0.71311271,0.30477128,0.46954813,12.27373168,12.37474947,1,1,210.24695064,1
3168,0.5511834,0.51830844,0.6789682,0.34867568,0.49015712,11.93981272,12.01536873,1,1,210.24695064,1
3169,0.55054405,0.51684848,0.67890073,0.34695775,0.47050522,12.27791753,12.35881103,1,1,210.24695064,1
3170,0.60072514,0.51685895,0.69092434,0.36705814,0.49109479,12.1829746,12.30463944,1,1,210.24695064,1
3171,0.60780745,0.53883303,0.67553884,0.32975793,0.47129493,11.65263886,11.65545462,1,1,210.24695064,1
3172,0.59833612,0.53589231,0.6788348,0.29790417,0.45187843,12.29001968,12.33656201,1,1,210.24695064,1
3173,0.58487506,0.56286964,0.66643464,0.26196831,0.43284086,12.02653116,12.10617262,1,1,210.24695064,1
3174,0.56592906,0.55465789,0.66981464,0.25264696,0.45418404,11.85537157,11.91913694,1,1,210.24695064,1
3175,0.56738464,0.57940131,0.6778019,0.21759919,0.46683773,12.01988151,12.07411733,1,1,210.24695064,1
3176,0.55385225,0.56307758,0.6536763,0.18876582,0.48750098,11.89875366,11.93125789,1,1,210.24695064,1
3177,0.55357143,0.56475669,0.65345869,0.2334459,0.46776151,12.14169069,12.24225174,1,1,210.24695064,1
3178,0.55680746,0.508963,0.66957107,0.19908891,0.44840628,12.10896869,12.10955799,1,1,210.24695064,1
3179,0.53661844,0.50240488,0.68061525,0.16510716,0.4694381,12.16501526,12.23706111,1,1,210.24695064,1
3180,0.52767585,0.50734362,0.66568401,0.20075085,0.49004934,12.09428236,12.14196499,1,1,210.24695064,1
3181,0.52699976,0.52164066,0.6580152,0.22141433,0.50876237,11.9429941,12.03974379,1,1,210.24695064,1
3182,0.52081312,0.52738277,0.6299339,0.19202462,0.49209745,12.19089844,12.24980955,1,1,210.24695064,1
3183,0.50420585,0.52849093,0.62436565,0.23818345,0.50957893,12.12372069,12.22548326,1,1,210.24695064,1
3184,0.50414531,0.52683735,0.62423037,0.26086183,0.52936325,12.14532115,12.26269592,1,1,210.24695064,1
3185,0.57685284,0.57742491,0.64520451,0.3056393,0.54877598,11.78144708,11.80479702,1,1,210.24695064,1
3186,0.57230029,0.56784872,0.61394934,0.34952649,0.56779686,12.06341366,12.16729291,1,1,210.24695064,1
3187,0.55365046,0.56831376,0.62612432,0.3125493,0.5864409,11.93913309,11.97236326,1,1,210.24695064,1
3188,0.57625604,0.58740791,0.62613606,0.28188067,0.60471208,11.75355307,11.82333136,1,1,210.24695064,1
3189,0.54831084,0.59428319,0.60625532,0.32624305,0.58261786,12.15777663,12.27118583,1,1,210.24695064,1
3190,0.54792205,0.59346856,0.60653884,0.36966544,0.56518391,12.19307471,12.23374793,1,1,210.24695064,1
3191,0.53042704,0.55521419,0.63817295,0.33503019,0.54407505,11.64809729,11.6916888,1,1,210.24695064,1
3192,0.50968649,0.54571056,0.60357269,0.37541182,0.56312708,12.02868857,12.0974003,1,1,210.24695064,1
3193,0.49999483,0.5424502,0.60600235,0.41790357,0.57778874,11.7179076,11.80725155,1,1,210.24695064,1
3194,0.49726342,0.55796961,0.60757355,0.45937767,0.5960089,11.97683456,12.01545275,1,1,210.24695064,1
3195,0.51131075,0.55845058,0.61659081,0.42023157,0.61408872,12.07690341,12.18117391,1,1,210.24695064,1
3196,0.49516856,0.53820576,0.59650455,0.38195198,0.6314481,12.36569184,12.4739459,1,1,210.24695064,1
3197,0.49531026,0.53713451,0.59666389,0.34441232,0.60903045,11.87106446,11.92426568,1,1,210.24695064,1
3198,0.44825068,0.51492531,0.62375783,0.38506579,0.62684981,12.16551961,12.23665435,1,1,210.24695064,1
3199,0.44940897,0.49914973,0.58710306,0.34745191,0.64431237,11.87166274,11.94006145,1,1,210.24695064,1
3200,0.44825869,0.50455626,0.58231374,0.31050335,0.66095322,12.29649628,12.30083989,1,1,210.24695064,1
3201,0.44499501,0.50832202,0.57073606,0.27429328,0.67773414,11.8138061,11.83862247,1,1,210.24695064,1
3202,0.4558566,0.50980479,0.56914255,0.23881413,0.65418071,11.89778235,12.01028403,1,1,210.24695064,1
3203,0.45598606,0.50848188,0.56894992,0.27965709,0.63147035,12.06570214,12.09368351,1,1,210.24695064,1
3204,0.43646543,0.58412784,0.59260489,0.24406449,0.63157337,11.75850404,11.83899239,1,1,210.24695064,1
3205,0.44664789,0.56806375,0.59214736,0.2891819,0.61358337,12.06148434,12.1280677,1,1,210.24695064,1
3206,0.44039273,0.54460573,0.56512303,0.33335385,0.59589213,11.96186137,12.0613675,1,1,210.24695064,1
3207,0.46500467,0.534236,0.57096683,0.29668677,0.57413887,12.17396128,12.22375269,1,1,210.24695064,1
3208,0.46438836,0.52847361,0.57793407,0.33999067,0.56976713,12.08837931,12.12687228,1,1,210.24695064,1
3209,0.46547914,0.53924603,0.56796797,0.30499527,0.58619665,12.02855263,12.07056363,1,1,210.24695064,1
3210,0.46522529,0.53998108,0.56796558,0.26906314,0.58067061,11.97788307,11.99054513,1,1,210.24695064,1
3211,0.46168409,0.59805322,0.59862835,0.31368082,0.5590572,11.65891316,11.71780791,1,1,210.24695064,1
3212,0.47232776,0.58865166,0.57423628,0.27740721,0.57787093,11.97922261,12.08680554,1,1,210.24695064,1
3213,0.49363842,0.57122112,0.56157927,0.2418591,0.59499622,12.2749955,12.28416179,1,1,210.24695064,1
3214,0.48975245,0.56150789,0.58546272,0.28702192,0.59216921,12.37660068,12.41429757,1,1,210.24695064,1
3215,0.49684351,0.55253837,0.57804901,0.25136839,0.61031828,12.14548714,12.23169996,1,1,210.24695064,1
3216,0.4972477,0.55176134,0.57785329,0.2963407,0.59523034,12.1442225,12.19393261,1,1,210.24695064,1
3217,0.45810071,0.58861075,0.58035944,0.26041392,0.61332568,12.30053629,12.30555307,1,1,210.24695064,1
3218,0.47571603,0.58835756,0.57906336,0.30229392,0.63105914,12.18673599,12.29532875,1,1,210.24695064,1
3219,0.47318722,0.57943989,0.56864645,0.3449683,0.60844006,12.03378629,12.09241903,1,1,210.24695064,1
3220,0.48880021,0.54783394,0.59370562,0.38806893,0.62613144,12.08870874,12.10833374,1,1,210.24695064,1
3221,0.49167334,0.55905729,0.56362693,0.3562166,0.60945174,11.65744897,11.77098128,1,1,210.24695064,1
3222,0.49119911,0.55871056,0.56396817,0.31909227,0.62724964,11.91623487,12.01793588,1,1,210.24695064,1
3223,0.46581088,0.55182156,0.57541013,0.36141195,0.64470459,12.02483266,12.13517596,1,1,210.24695064,1
3224,0.44806664,0.56453537,0.57998914,0.40306529,0.62183412,12.02229118,12.11655245,1,1,210.24695064,1
3225,0.46781031,0.53784256,0.5760509,0.4439371,0.63369738,11.96752067,12.01707787,1,1,210.24695064,1
3226,0.45264449,0.55888116,0.56935322,0.40505899,0.64684005,11.99722428,12.00375431,1,1,210.24695064,1
3227,0.45858002,0.52208003,0.5595171,0.36695785,0.65041321,11.91611753,12.02193588,1,1,210.24695064,1
3228,0.4792184,0.52850786,0.56278325,0.32976241,0.66740494,11.79477929,11.81190579,1,1,210.24695064,1
3229,0.47903774,0.5275368,0.56260353,0.29979247,0.64405961,12.12880552,12.22752512,1,1,210.24695064,1
3230,0.46361913,0.56212768,0.57181046,0.34379115,0.66117842,11.78318554,11.84893875,1,1,210.24695064,1
3231,0.48934985,0.57814047,0.55588423,0.33855349,0.6672208,12.0515749,12.10028285,1,1,210.24695064,1
3232,0.47815271,0.54114907,0.55769674,0.38170034,0.68360091,11.68462133,11.76903499,1,1,210.24695064,1
3233,0.5050599,0.55601109,0.54977316,0.40022844,0.65992898,11.84158266,11.87409925,1,1,210.24695064,1
3234,0.51353941,0.5380224,0.54546789,0.44152917,0.65574785,11.83802278,11.93731249,1,1,210.24695064,1
3235,0.51329835,0.53837327,0.54531165,0.48269859,0.67178676,12.14918188,12.16910822,1,1,210.24695064,1
3236,0.54453602,0.51558805,0.55800259,0.52294356,0.64919919,11.8270343,11.90881987,1,1,210.24695064,1
3237,0.5497185,0.51205241,0.54275585,0.48258032,0.62621569,11.39103322,11.50022432,1,1,210.24695064,1
3238,0.51736772,0.52722629,0.56870802,0.44616222,0.60369138,12.07404908,12.14787501,1,1,210.24695064,1
3239,0.51788085,0.54389556,0.55880456,0.47132477,0.62097821,12.10014579,12.10362047,1,1,210.24695064,1
3240,0.49893857,0.53538146,0.5332264,0.43189838,0.63820829,12.32452122,12.37498952,1,1,210.24695064,1
3241,0.499047,0.53629226,0.5335165,0.47261533,0.61544415,12.10142347,12.12285059,1,1,210.24695064,1
3242,0.47230972,0.50640394,0.54712431,0.4331759,0.59315589,11.93557498,12.01582022,1,1,210.24695064,1
3243,0.4818533,0.50882312,0.54976172,0.47449876,0.61127755,12.29088887,12.29367351,1,1,210.24695064,1
3244,0.48271027,0.51082575,0.52596188,0.51500876,0.58905299,11.77843074,11.79334055,1,1,210.24695064,1
3245,0.46190208,0.49999915,0.53643782,0.55470857,0.56727193,11.69456783,11.78403281,1,1,210.24695064,1
3246,0.46134941,0.49804891,0.53615792,0.5936017,0.58592646,12.25296076,12.28063515,1,1,210.24695064,1
3247,0.44454445,0.56305583,0.56163742,0.55173343,0.60419966,12.19636933,12.24392742,1,1,210.24695064,1
3248,0.44102073,0.54390773,0.53439572,0.51115383,0.5821157,12.31685538,12.4145754,1,1,210.24695064,1
3249,0.4698409,0.54894747,0.55314698,0.47093075,0.60043375,12.37764651,12.43201115,1,1,210.24695064,1
3250,0.47374823,0.52437831,0.56293403,0.51151213,0.61842446,12.13781376,12.15072595,1,1,210.24695064,1
3251,0.47679836,0.51112064,0.5460987,0.55122108,0.63592738,12.1895504,12.22960473,1,1,210.24695064,1
3252,0.50412202,0.51215135,0.53157086,0.54033942,0.61320945,11.81860022,11.93268591,1,1,210.24695064,1
3253,0.50435174,0.51196997,0.53152511,0.5013968,0.59096607,12.31498653,12.42601408,1,1,210.24695064,1
3254,0.48796071,0.55236866,0.55890954,0.46136886,0.57010889,11.74312135,11.77259489,1,1,210.24695064,1
3255,0.48643257,0.53138279,0.5500543,0.42214171,0.58846405,11.9016465,11.94690652,1,1,210.24695064,1
3256,0.48997488,0.511144,0.55938364,0.46313843,0.56669509,12.26429057,12.34586264,1,1,210.24695064,1
3257,0.50266088,0.5045645,0.55775925,0.50387405,0.54539706,12.22675193,12.26383458,1,1,210.24695064,1
3258,0.50960849,0.51654608,0.5502201,0.46388988,0.52646513,11.83785263,11.91317379,1,1,210.24695064,1
3259,0.52167001,0.4888009,0.54446339,0.49506031,0.54593582,12.07936154,12.20010195,1,1,210.24695064,1
3260,0.52202339,0.48982905,0.54413466,0.53494864,0.56429051,11.90708693,11.90928301,1,1,210.24695064,1
3261,0.5424082,0.42674217,0.56082797,0.57424967,0.58137371,11.9132191,11.99236963,1,1,210.24695064,1
3262,0.5329817,0.45088141,0.5514308,0.53421201,0.55974634,12.17807224,12.26842523,1,1,210.24695064,1
3263,0.54001731,0.44909987,0.54325758,0.57324082,0.57836746,11.90546164,11.9716785,1,1,210.24695064,1
3264,0.51996311,0.47066906,0.53470028,0.53177609,0.55680012,12.23408482,12.28321697,1,1,210.24695064,1
3265,0.51953062,0.47106872,0.53448409,0.50316594,0.5756485,11.94583099,12.0099492,1,1,210.24695064,1
3266,0.49123239,0.46330488,0.54657167,0.5430991,0.56104037,11.5899907,11.61847181,1,1,210.24695064,1
3267,0.50740328,0.47325621,0.53994388,0.55701741,0.57981956,12.28515775,12.32771033,1,1,210.24695064,1
3268,0.49860961,0.47120062,0.54266448,0.52934041,0.59822316,11.80434536,11.89177106,1,1,210.24695064,1
3269,0.51014004,0.44538424,0.53653172,0.50267293,0.61625842,12.30798718,12.37374517,1,1,210.24695064,1
3270,0.50765525,0.44507261,0.55498214,0.54261947,0.63128586,11.78143291,11.87116134,1,1,210.24695064,1
3271,0.50015045,0.42263151,0.55055702,0.50176708,0.64866014,11.79624695,11.88970234,1,1,210.24695064,1
3272,0.497114,0.42750401,0.55530077,0.54172263,0.6281993,11.94085072,11.94242746,1,1,210.24695064,1
3273,0.49826254,0.43036007,0.55508008,0.50088818,0.6056383,11.42804966,11.48726413,1,1,210.24695064,1
3274,0.57343496,0.48185547,0.57269127,0.46541385,0.58352553,12.35975288,12.37299277,1,1,210.24695064,1
3275,0.55407106,0.47873086,0.57893881,0.42610557,0.5618554,12.30995567,12.31508564,1,1,210.24695064,1
3276,0.57401683,0.4968776,0.57566926,0.46758337,0.57448368,12.13235386,12.15830782,1,1,210.24695064,1
3277,0.55666919,0.49348833,0.56371924,0.42823172,0.57941212,12.03705895,12.05298069,1,1,210.24695064,1
3278,0.56355501,0.49445613,0.56186805,0.46962877,0.56157514,12.01279661,12.06060834,1,1,210.24695064,1
3279,0.56415444,0.49380128,0.56172325,0.43636226,0.58034361,11.85631083,11.96456448,1,1,210.24695064,1
3280,0.58580989,0.45058278,0.58829113,0.39763502,0.59873674,11.98755104,12.08545038,1,1,210.24695064,1
3281,0.56456351,0.46982655,0.56966489,0.41730459,0.60877994,12.11372006,12.15091591,1,1,210.24695064,1
3282,0.54856618,0.4834694,0.58830466,0.45706923,0.62660424,11.94447341,12.02533156,1,1,210.24695064,1
3283,0.54741144,0.48269958,0.56089949,0.49792784,0.64060383,11.8766628,11.96100893,1,1,210.24695064,1
3284,0.5188263,0.4896173,0.5632002,0.53794252,0.61780147,11.87470317,11.88568881,1,1,210.24695064,1
3285,0.50892955,0.49759534,0.56241868,0.52643551,0.63544542,11.88156658,11.94884824,1,1,210.24695064,1
3286,0.50820827,0.49619876,0.56272332,0.56590635,0.65273651,12.19385143,12.27751458,1,1,210.24695064,1
3287,0.49228888,0.49461954,0.55996732,0.52865664,0.66968077,12.09211366,12.17835502,1,1,210.24695064,1
3288,0.48563035,0.48471535,0.58328983,0.56808325,0.68628715,12.20305419,12.23364756,1,1,210.24695064,1
3289,0.48653264,0.47451177,0.56058844,0.52672159,0.7025614,12.03764163,12.09170205,1,1,210.24695064,1
3290,0.49623324,0.49059716,0.56932783,0.56405281,0.71850946,11.95959481,12.03146067,1,1,210.24695064,1
3291,0.4955917,0.48159781,0.54656922,0.5227723,0.73413926,12.2030519,12.23464272,1,1,210.24695064,1
3292,0.49465747,0.48239086,0.54642661,0.56231685,0.74028187,11.92863329,11.93619602,1,1,210.24695064,1
3293,0.53700229,0.5272615,0.57310732,0.52107053,0.71547623,11.71412946,11.81733217,1,1,210.24695064,1
3294,0.53708823,0.53860292,0.55803945,0.55062281,0.7311647,12.0661616,12.15482584,1,1,210.24695064,1
3295,0.54158969,0.53534674,0.55099912,0.50961035,0.70654141,11.78377509,11.88084723,1,1,210.24695064,1
3296,0.5547509,0.55631673,0.56708765,0.52317927,0.72241058,12.34222344,12.44081077,1,1,210.24695064,1
3297,0.54517619,0.55722341,0.55765377,0.55229788,0.73796237,12.02736917,12.12982387,1,1,210.24695064,1
3298,0.54489236,0.55790784,0.55800061,0.51127948,0.75142572,11.96810358,12.01350293,1,1,210.24695064,1
3299,0.51532027,0.54769096,0.58237289,0.47105389,0.76613961,11.89744052,11.95570141,1,1,210.24695064,1
3300,0.51248698,0.55264098,0.5664974,0.51113946,0.78081682,12.40840144,12.42095649,1,1,210.24695064,1
3301,0.52725472,0.52012202,0.56260266,0.47091667,0.75520048,12.40942145,12.45565722,1,1,210.24695064,1
3302,0.50705373,0.52146415,0.56830011,0.51149827,0.77002322,12.11774899,12.18330977,1,1,210.24695064,1
3303,0.50946629,0.51532251,0.55061755,0.5512683,0.77274145,12.25343258,12.25361667,1,1,210.24695064,1
3304,0.50904132,0.53049918,0.56961767,0.5214773,0.78728659,12.14139878,12.16745506,1,1,210.24695064,1
3305,0.50856785,0.53111062,0.56985156,0.48105097,0.80154086,11.80580806,11.8351131,1,1,210.24695064,1
3306,0.50227876,0.48623138,0.57345872,0.44142995,0.7811325,11.80073593,11.81975005,1,1,210.24695064,1
3307,0.48530335,0.47877663,0.5692861,0.48260134,0.76187244,11.88700994,12.00327685,1,1,210.24695064,1
3308,0.47753113,0.48070309,0.57599824,0.52291945,0.77663499,11.87179055,11.91516326,1,1,210.24695064,1
3309,0.47841595,0.5080134,0.55286951,0.48246194,0.75110278,12.16254016,12.26530751,1,1,210.24695064,1
3310,0.46653917,0.50794523,0.56344366,0.5228127,0.72613185,11.99825112,12.04054442,1,1,210.24695064,1
3311,0.46644924,0.50620961,0.56353014,0.48235655,0.70161128,11.80034851,11.86559063,1,1,210.24695064,1
3312,0.50131261,0.56492226,0.57245013,0.52268206,0.70795601,11.75359759,11.80626522,1,1,210.24695064,1
3313,0.50890185,0.57880538,0.58162748,0.48222923,0.68461608,12.1252034,12.14851304,1,1,210.24695064,1
3314,0.5276337,0.56555986,0.57139583,0.52241841,0.66309428,11.96507142,12.06729095,1,1,210.24695064,1
3315,0.53817399,0.57266681,0.55223942,0.53839882,0.64006778,11.54360862,11.64329124,1,1,210.24695064,1
3316,0.53291876,0.55251555,0.57919524,0.49763084,0.65567573,11.84003643,11.92842041,1,1,210.24695064,1
3317,0.53335489,0.55187783,0.57913936,0.4577147,0.67256207,12.23380738,12.31222336,1,1,210.24695064,1
3318,0.50887772,0.50832141,0.57494744,0.41890335,0.68911083,11.59303468,11.65832096,1,1,210.24695064,1
3319,0.5049073,0.52297556,0.57311517,0.38053764,0.66533131,11.80900957,11.85605921,1,1,210.24695064,1
3320,0.49218514,0.51721208,0.59381794,0.3444531,0.64202472,12.09766134,12.18799621,1,1,210.24695064,1
3321,0.50959151,0.52448702,0.5886401,0.38751166,0.65918423,11.8024762,11.8982421,1,1,210.24695064,1
3322,0.49671252,0.50207981,0.56459114,0.34976143,0.67600055,11.99648557,12.00258433,1,1,210.24695064,1
3323,0.49672468,0.50192333,0.56469391,0.3927662,0.65314565,11.90913759,11.96489453,1,1,210.24695064,1
3324,0.55768684,0.51626259,0.58470275,0.35491088,0.63008291,12.0663974,12.13920865,1,1,210.24695064,1
3325,0.54928713,0.53223955,0.57553605,0.39776677,0.64745171,12.25324063,12.3125975,1,1,210.24695064,1
3326,0.56043588,0.54456771,0.55055935,0.4397647,0.66035191,11.81654835,11.88413385,1,1,210.24695064,1
3327,0.55679991,0.53395561,0.56346677,0.48096936,0.675954,11.74581996,11.83141962,1,1,210.24695064,1
3328,0.55492647,0.55972375,0.53707563,0.46746376,0.65261718,11.84498169,11.91192411,1,1,210.24695064,1
3329,0.55420263,0.56018556,0.53735477,0.50811077,0.66513229,12.17808193,12.21519977,1,1,210.24695064,1
3330,0.58317444,0.53537592,0.56463573,0.54741206,0.64232296,11.98442875,11.99894208,1,1,210.24695064,1
3331,0.56058315,0.5408209,0.5649926,0.50655332,0.65947622,12.1059001,12.1744875,1,1,210.24695064,1
3332,0.55890676,0.55997331,0.55090837,0.46642328,0.63628691,12.08787769,12.18865649,1,1,210.24695064,1
3333,0.54261466,0.5453208,0.53089891,0.49836496,0.65349177,12.09341635,12.20985321,1,1,210.24695064,1
3334,0.52975758,0.55169646,0.54664826,0.53039381,0.63042194,11.90272613,11.92774206,1,1,210.24695064,1
3335,0.52974282,0.55191541,0.54644085,0.48978593,0.64425149,12.29565784,12.30153601,1,1,210.24695064,1
3336,0.48801116,0.55845157,0.55296335,0.4499903,0.66125061,11.74575683,11.77484061,1,1,210.24695064,1
3337,0.49622934,0.55896781,0.56481782,0.42118221,0.64732937,12.02611175,12.09728094,1,1,210.24695064,1
3338,0.49947418,0.52591221,0.56241509,0.39704582,0.6643807,12.1616275,12.18082239,1,1,210.24695064,1
3339,0.48754901,0.5272764,0.55030154,0.43910463,0.68089118,12.0461335,12.09186038,1,1,210.24695064,1
3340,0.50492677,0.52121534,0.55095074,0.47758511,0.67055413,11.93164004,11.97128271,1,1,210.24695064,1
3341,0.51075345,0.50571707,0.54333258,0.5148226,0.68713729,11.92220449,11.94346892,1,1,210.24695064,1
3342,0.49021082,0.49962563,0.56313296,0.55451868,0.66341254,12.28600135,12.34607929,1,1,210.24695064,1
3343,0.49170685,0.50398496,0.54545474,0.51353149,0.64014445,11.95243313,12.05503662,1,1,210.24695064,1
3344,0.49122929,0.50539187,0.54526396,0.55326065,0.61738089,11.80446166,11.89917076,1,1,210.24695064,1
3345,0.44281528,0.54829229,0.56246606,0.52116886,0.63499581,12.24610036,12.3050002,1,1,210.24695064,1
3346,0.45996913,0.52181849,0.57061376,0.48969365,0.65229589,11.95901581,12.01408248,1,1,210.24695064,1
3347,0.46170088,0.51466765,0.56026536,0.45611727,0.63626518,12.05005054,12.11722571,1,1,210.24695064,1
3348,0.45795847,0.50016249,0.56804362,0.41883283,0.6136545,12.07389061,12.12437958,1,1,210.24695064,1
3349,0.47739512,0.49985969,0.55468702,0.38048258,0.59138894,11.97193404,11.986327,1,1,210.24695064,1
3350,0.48060652,0.48618476,0.56013248,0.34287319,0.56956121,12.23986312,12.24891617,1,1,210.24695064,1
3351,0.48167447,0.489494,0.5521669,0.30770221,0.58043789,11.95156877,12.00302294,1,1,210.24695064,1
3352,0.49844336,0.4725656,0.56656935,0.35042561,0.56095562,12.29341372,12.34632917,1,1,210.24695064,1
3353,0.49884972,0.47127874,0.56660572,0.31343047,0.54861947,11.75514913,11.81304609,1,1,210.24695064,1
3354,0.46756165,0.47125539,0.59631185,0.35642187,0.56760963,11.67814753,11.72997135,1,1,210.24695064,1
3355,0.47827867,0.4716963,0.58841824,0.31929357,0.54625778,11.81632769,11.90869646,1,1,210.24695064,1
3356,0.48928499,0.44458683,0.56646316,0.36290627,0.56533225,12.04506014,12.10147564,1,1,210.24695064,1
3357,0.47851507,0.45130177,0.56403831,0.32611755,0.54402561,11.80312917,11.84555972,1,1,210.24695064,1
3358,0.47802833,0.44696503,0.5606871,0.36959443,0.55667789,11.99351525,12.02906256,1,1,210.24695064,1
3359,0.47779529,0.44675967,0.56079107,0.34005964,0.57554402,12.03594263,12.08910786,1,1,210.24695064,1
3360,0.54153984,0.48560197,0.57891674,0.38094987,0.59403235,11.93937636,11.93953912,1,1,210.24695064,1
3361,0.55756702,0.50325246,0.56007028,0.34338389,0.61206492,11.76602637,11.80735374,1,1,210.24695064,1
3362,0.52825985,0.50674147,0.55351256,0.38651187,0.62981696,11.95883713,11.96793453,1,1,210.24695064,1
3363,0.54796524,0.49818184,0.56330867,0.34878178,0.60868522,12.23424667,12.23500877,1,1,210.24695064,1
3364,0.53831552,0.51430155,0.54962462,0.39135765,0.62650637,12.12567365,12.13908119,1,1,210.24695064,1
3365,0.55180716,0.52576665,0.55122865,0.43348438,0.60402695,12.21916581,12.25525866,1,1,210.24695064,1
3366,0.55185828,0.52777311,0.55108508,0.47481469,0.6219376,12.02580741,12.11928714,1,1,210.24695064,1
3367,0.55787237,0.46464896,0.56811335,0.43537587,0.59964565,11.81220459,11.8612341,1,1,210.24695064,1
3368,0.54053005,0.49312468,0.55940671,0.39687131,0.57765367,11.67448807,11.68225002,1,1,210.24695064,1
3369,0.5364769,0.49171489,0.57084662,0.43840259,0.55610347,12.23087998,12.32501022,1,1,210.24695064,1
3370,0.53727576,0.49892613,0.54762382,0.47663152,0.57475138,12.24619695,12.29453353,1,1,210.24695064,1
3371,0.50582743,0.49067365,0.5482641,0.51709886,0.59324506,12.12168286,12.16499383,1,1,210.24695064,1
3372,0.50509223,0.49002941,0.54788036,0.55675666,0.61133851,12.25375363,12.30093489,1,1,210.24695064,1
3373,0.47407009,0.49553635,0.55621321,0.59558413,0.59324674,11.90466248,11.90820257,1,1,210.24695064,1
3374,0.48874794,0.48329047,0.54755373,0.63367233,0.57138181,11.82236298,11.87521069,1,1,210.24695064,1
3375,0.4995509,0.49357067,0.54933528,0.59239005,0.58982258,11.78816734,11.89560958,1,1,210.24695064,1
3376,0.48257913,0.47218752,0.55048791,0.55054225,0.60798221,11.85848896,11.86279609,1,1,210.24695064,1
3377,0.48818152,0.46032248,0.55755027,0.5895314,0.59123554,11.91845553,12.02376278,1,1,210.24695064,1
3378,0.48796069,0.46006479,0.55782431,0.54774114,0.60940129,12.13477127,12.14916137,1,1,210.24695064,1
3379,0.53599619,0.50791748,0.56111032,0.50678684,0.61280426,11.86709379,11.89912494,1,1,210.24695064,1
3380,0.54056252,0.50015736,0.58226867,0.54600329,0.61386146,12.18476998,12.24945319,1,1,210.24695064,1
3381,0.52553721,0.50265004,0.56451687,0.50508979,0.59158934,12.27679684,12.27836896,1,1,210.24695064,1
3382,0.53438363,0.50752539,0.56829455,0.4649881,0.57002333,11.6741911,11.69710552,1,1,210.24695064,1
3383,0.54934729,0.51955165,0.55016331,0.44112126,0.54862286,11.99335431,12.11309775,1,1,210.24695064,1
3384,0.54922359,0.51748006,0.55029931,0.47673756,0.56737458,11.71228898,11.74446592,1,1,210.24695064,1
3385,0.53605253,0.46372668,0.56238284,0.51720243,0.54602709,12.26246012,12.30535571,1,1,210.24695064,1
3386,0.53827766,0.4656861,0.54349316,0.55685838,0.52551646,12.04134203,12.08275521,1,1,210.24695064,1
3387,0.52379972,0.46991629,0.55032618,0.53890701,0.5054402,12.39442086,12.51530451,1,1,210.24695064,1
3388,0.52291031,0.48641752,0.56528734,0.49812889,0.52515097,11.95343857,11.99081176,1,1,210.24695064,1
3389,0.500914,0.47787846,0.53490691,0.45816689,0.54207936,11.86408316,11.94252678,1,1,210.24695064,1
3390,0.50151183,0.48038538,0.53455015,0.41903885,0.56123672,11.8634493,11.95289589,1,1,210.24695064,1
3391,0.55142527,0.49001566,0.55701648,0.4606553,0.57938929,12.00914747,12.12519386,1,1,210.24695064,1
3392,0.5734835,0.51826333,0.55125214,0.42144318,0.59386708,12.04088137,12.1274343,1,1,210.24695064,1
3393,0.56091511,0.50676696,0.54501464,0.46301431,0.57200413,11.83851307,11.91096631,1,1,210.24695064,1
3394,0.54445601,0.52543253,0.54580837,0.50372413,0.55056405,12.05923074,12.11894738,1,1,210.24695064,1
3395,0.53685067,0.52104608,0.53569025,0.46366435,0.56955277,11.82730278,11.83943504,1,1,210.24695064,1
3396,0.54997467,0.55355818,0.5455069,0.4250373,0.57622524,12.21288545,12.21686705,1,1,210.24695064,1
3397,0.54488673,0.52872834,0.56076402,0.46652304,0.55470074,12.23173257,12.30264429,1,1,210.24695064,1
3398,0.5449544,0.52527348,0.56036904,0.50719258,0.53377536,11.87925803,11.90274122,1,1,210.24695064,1
3399,0.55317061,0.45293531,0.58555393,0.54704872,0.55267914,12.09759143,12.21637439,1,1,210.24695064,1
3400,0.53133831,0.4661511,0.5633432,0.50612564,0.5362506,11.86156823,11.89906761,1,1,210.24695064,1
3401,0.52132089,0.47712366,0.55953619,0.53237451,0.54186922,12.55252737,12.55608813,1,1,210.24695064,1
3402,0.50961858,0.49171576,0.57499066,0.49172767,0.55765678,11.99832768,12.03840026,1,1,210.24695064,1
3403,0.50441132,0.4988896,0.56904703,0.53187274,0.57650304,12.02201231,12.0441783,1,1,210.24695064,1
3404,0.50505965,0.50054086,0.56932449,0.49123573,0.59497298,12.01460209,12.02615341,1,1,210.24695064,1
3405,0.55754012,0.45739185,0.5858556,0.53131027,0.61307299,12.1970358,12.23210965,1,1,210.24695064,1
3406,0.55005363,0.47468317,0.56658445,0.57060837,0.59802429,12.02255069,12.06272068,1,1,210.24695064,1
3407,0.54458143,0.48565814,0.56835893,0.60919569,0.6160638,11.7421812,11.77361105,1,1,210.24695064,1
3408,0.51848531,0.48660594,0.56282115,0.64000841,0.5937873,12.06846577,12.17189107,1,1,210.24695064,1
3409,0.49996716,0.51024652,0.56782513,0.6772051,0.57191156,12.05690619,12.11374844,1,1,210.24695064,1
3410,0.49978903,0.5118002,0.56787433,0.63366677,0.55047333,11.91336194,11.99310036,1,1,210.24695064,1
3411,0.46743815,0.47748259,0.56601885,0.5910254,0.53007473,11.97823076,12.0950057,1,1,210.24695064,1
3412,0.46010974,0.46726464,0.57921646,0.62920472,0.54801928,11.9359609,11.95332322,1,1,210.24695064,1
3413,0.4662924,0.46307721,0.57866556,0.66377233,0.56705851,12.15462739,12.18147988,1,1,210.24695064,1
3414,0.47012813,0.46922873,0.56064117,0.69990292,0.54571736,12.07905382,12.10141691,1,1,210.24695064,1
3415,0.45397151,0.47252563,0.55410043,0.65590752,0.52480316,11.85861724,11.89917871,1,1,210.24695064,1
3416,0.45464664,0.47118355,0.55371402,0.69278937,0.54422872,12.12220029,12.1686913,1,1,210.24695064,1
3417,0.51175825,0.53512076,0.58332706,0.67626581,0.56334047,12.41018859,12.4897921,1,1,210.24695064,1
3418,0.5072096,0.55887562,0.57587476,0.65143726,0.56665859,12.27900652,12.40118867,1,1,210.24695064,1
3419,0.50413165,0.54550748,0.55598542,0.60925361,0.58428427,12.16355239,12.22853695,1,1,210.24695064,1
3420,0.5306592,0.55176705,0.53920847,0.64706826,0.60259767,12.25262084,12.2621432,1,1,210.24695064,1
3421,0.51681515,0.53960065,0.55621793,0.61716314,0.5811601,12.02712564,12.0386937,1,1,210.24695064,1
3422,0.51640227,0.53843707,0.55661362,0.6547946,0.599534,12.0150341,12.13101064,1,1,210.24695064,1
3423,0.53680873,0.48473967,0.56019688,0.69127713,0.57756205,11.80475969,11.84657417,1,1,210.24695064,1
3424,0.52232875,0.50297477,0.5528546,0.72744937,0.55601089,11.95768653,11.97111692,1,1,210.24695064,1
3425,0.51647301,0.52114986,0.55320596,0.68290502,0.57489067,12.39733891,12.51508081,1,1,210.24695064,1
3426,0.50404193,0.53559478,0.54191698,0.71924653,0.59339285,12.51828718,12.52860052,1,1,210.24695064,1
3427,0.50413667,0.53462217,0.5417966,0.7487072,0.61150847,12.30480936,12.39728757,1,1,210.24695064,1
3428,0.4701043,0.55327022,0.54277459,0.70373306,0.58932648,12.38967727,12.49279948,1,1,210.24695064,1
3429,0.48840761,0.55197842,0.56665584,0.66196558,0.56753995,11.88695303,11.93515559,1,1,210.24695064,1
3430,0.48997174,0.54634514,0.5316658,0.77872179,0.50430065,12.09090442,12.16738968,1,1,210.24695064,0
3431,0.49345483,0.54533493,0.54683679,0.65315296,0.44752081,12.0942723,12.15391139,1,1,210.24695064,0
3432,0.50603217,0.51385008,0.55217299,0.76984929,0.38487946,11.85417284,11.97168051,1,1,210.24695064,0
3433,0.50677411,0.51198963,0.55194987,0.88252584,0.33717887,11.79327853,11.84084799,1,1,210.24695064,0
3434,0.47503721,0.46507997,0.54398736,0.99406435,0.27125828,11.71233364,11.72303776,1,1,210.24695064,0
3435,0.46513073,0.37854663,0.53776492,0.86418307,0.28798427,12.03448386,12.15199298,1,1,210.24695064,0
3436,0.4663554,0.30730438,0.50094441,0.75101285,0.23014079,12.03698023,12.1008428,1,1,210.24695064,0
3437,0.48564782,0.22644413,0.48499856,0.86060236,0.24012568,12.1600759,12.23383823,1,1,210.24695064,0
3438,0.47069542,0.19325104,0.45134867,0.97330839,0.17352064,11.93587723,12.03223382,1,1,210.24695064,0
3439,0.47079183,0.19445099,0.45123458,1,0.22405443,12.01866915,12.08954257,1,1,210.24695064,0
3440,0.52154163,0.25081166,0.49176835,0.87019192,0.25058014,11.8396617,11.92450111,1,1,210.24695064,0
3441,0.50169424,0.32421069,0.49975559,0.98278808,0.18317672,12.01299758,12.09535027,1,1,210.24695064,0
3442,0.49884848,0.39326473,0.52825657,0.86227894,0.23352014,12.01030807,12.06953982,1,1,210.24695064,0
3443,0.46904393,0.48092335,0.56471034,0.9750268,0.16627541,12.00023071,12.06460093,1,1,210.24695064,0
3444,0.45995023,0.55324876,0.5908045,1,0.10244018,12.09797237,12.12496468,1,1,210.24695064,0
3445,0.44471519,0.59757088,0.59359774,1,0.03341309,12.33393944,12.40197427,1,1,210.24695064,0
3446,0.44478526,0.5960117,0.59373284,1,0,11.98971091,12.1067966,1,1,210.24695064,0
3447,0.55605744,0.70077897,0.51180605,0.87095448,0.04999977,11.98373017,12.03336,1,1,210.24695064,0
3448,0.64629213,0.73108246,0.40732103,0.98353537,0.10255268,11.50078157,11.55288638,1,1,210.24695064,0
3449,0.77740375,0.72142861,0.2740311,1,0.15288197,12.336104,12.34950926,1,1,210.24695064,0
3450,0.88325388,0.74277772,0.18613392,1,0.08288711,11.77858067,11.82104263,1,1,210.24695064,0
3451,0.91889108,0.72683823,0.11510477,0.89313804,0.01288711,11.83630586,11.95191297,1,1,210.24695064,0
3452,0.91902965,0.72985649,0.11525122,0.76527892,0.06487441,12.14315075,12.19594014,1,1,210.24695064,0
3453,0.82505903,0.67768774,0.19188484,0.79997331,0.05576132,11.79858783,11.89027045,1,1,210.24695064,1
3454,0.77660338,0.62428768,0.25477749,0.83397384,0.04464609,12.0587376,12.10141331,1,1,210.24695064,1
3455,0.66231751,0.56519194,0.36078843,0.86724728,0.07237085,12.0289401,12.05007144,1,1,210.24695064,1
3456,0.55597784,0.50749018,0.4643664,0.8207635,0.10089961,12.18396537,12.2050536,1,1,210.24695064,1
3457,0.46655823,0.44058986,0.56648828,0.77434823,0.12888037,12.0467518,12.062688,1,1,210.24695064,1
3458,0.38102072,0.42127502,0.64961758,0.72886127,0.11630337,11.78529528,11.82285078,1,1,210.24695064,1
3459,0.33851743,0.39427972,0.66338236,0.68429561,0.14394927,12.00749702,12.01572782,1,1,210.24695064,1
3460,0.33813275,0.39054408,0.66372698,0.64061904,0.13107028,11.90881332,12.01130521,1,1,210.24695064,1
3461,0.38538072,0.4546117,0.67885615,0.66598542,0.11844893,11.7501431,11.84005826,1,1,210.24695064,1
3462,0.37920379,0.46103686,0.68557704,0.70266571,0.14585023,11.90472545,11.99248819,1,1,210.24695064,1
3463,0.38413545,0.43749211,0.66847928,0.6586124,0.17292849,12.00547674,12.08780827,1,1,210.24695064,1
3464,0.3939399,0.45146304,0.68931132,0.61544253,0.19946992,12.01108427,12.07355569,1,1,210.24695064,1
3465,0.41841681,0.45840536,0.66962349,0.57313393,0.22547929,12.13953526,12.19973192,1,1,210.24695064,1
3466,0.42564241,0.46472263,0.66845375,0.61167124,0.23871464,11.94876972,12.04762454,1,1,210.24695064,1
3467,0.44655984,0.46759842,0.66049003,0.5694443,0.2639155,12.06355589,12.09082981,1,1,210.24695064,1
3468,0.45313686,0.47076924,0.65847533,0.52812086,0.28862738,12.19759088,12.25809125,1,1,210.24695064,1
3469,0.43267917,0.45578316,0.64286475,0.49128034,0.31220804,11.58388812,11.63962427,1,1,210.24695064,1
3470,0.43274205,0.45748224,0.64251514,0.49478958,0.295964,12.2591469,12.34839449,1,1,210.24695064,1
3471,0.47897095,0.51028313,0.63923687,0.45689323,0.28004472,11.81674516,11.83102175,1,1,210.24695064,1
3472,0.46212961,0.50519729,0.65044187,0.41776899,0.30444358,11.85177595,11.92893439,1,1,210.24695064,1
3473,0.47736956,0.52487693,0.63093503,0.37941361,0.32805894,12.09804449,12.18664411,1,1,210.24695064,1
3474,0.50640056,0.52323406,0.6522831,0.42116576,0.31149793,12.19741524,12.2707722,1,1,210.24695064,1
3475,0.49537424,0.5222986,0.64467074,0.46263104,0.29526797,11.7906053,11.89226072,1,1,210.24695064,1
3476,0.49586692,0.52265125,0.64455549,0.45795373,0.31917603,12.12841941,12.22593241,1,1,210.24695064,1
3477,0.45355662,0.51980202,0.66434689,0.42176381,0.34279251,11.82008822,11.88770909,1,1,210.24695064,1
3478,0.46425237,0.51892321,0.63987981,0.38332854,0.3553474,11.99849945,12.02256845,1,1,210.24695064,1
3479,0.47225596,0.51855321,0.6305278,0.34566197,0.35619458,11.81363332,11.90648685,1,1,210.24695064,1
3480,0.46899906,0.5056052,0.62911205,0.30875176,0.33924297,11.78204329,11.7883718,1,1,210.24695064,1
3481,0.47627581,0.50237177,0.6334863,0.27271797,0.32245857,12.07166941,12.12612497,1,1,210.24695064,1
3482,0.4729047,0.48718813,0.63138679,0.31712989,0.30601255,11.91039061,11.93921175,1,1,210.24695064,1
3483,0.47328993,0.49013976,0.63101447,0.3599575,0.32989223,12.05175883,12.06094511,1,1,210.24695064,1
3484,0.53367572,0.54023981,0.64925132,0.32312411,0.31329442,12.43425033,12.5094659,1,1,210.24695064,1
3485,0.53974447,0.54495895,0.63906487,0.28666166,0.29709804,12.25579258,12.32957121,1,1,210.24695064,1
3486,0.55057623,0.5455202,0.62832995,0.25097571,0.28118047,12.07410843,12.13830649,1,1,210.24695064,1
3487,0.52652443,0.54431611,0.63405789,0.29590974,0.30555677,11.89512022,11.99421266,1,1,210.24695064,1
3488,0.54716328,0.56955652,0.61865111,0.25999155,0.32818803,12.39783932,12.45674881,1,1,210.24695064,1
3489,0.52905195,0.54822406,0.6483882,0.22494969,0.34904882,11.93042813,12.02049907,1,1,210.24695064,1
3490,0.52988767,0.54415203,0.64833632,0.26761845,0.37206425,11.9851692,11.99072709,1,1,210.24695064,1
3491,0.49074828,0.54206134,0.66162599,0.2526732,0.35462297,12.07973417,12.19852387,1,1,210.24695064,1
3492,0.48998053,0.53154318,0.64475501,0.26869832,0.33755168,12.0039528,12.1114716,1,1,210.24695064,1
3493,0.49492686,0.52421417,0.65340697,0.31332309,0.36080064,11.98385969,11.99729727,1,1,210.24695064,1
3494,0.50998617,0.51237915,0.64023049,0.28963852,0.34358492,11.78509875,11.79356239,1,1,210.24695064,1
3495,0.49653221,0.50048169,0.66344367,0.25952748,0.33024921,11.96585939,12.03037429,1,1,210.24695064,1
3496,0.51387399,0.52465668,0.63224223,0.30432287,0.31364454,11.73700177,11.80380509,1,1,210.24695064,1
3497,0.51420925,0.52208097,0.63216064,0.34818816,0.29750071,11.96092687,12.0697939,1,1,210.24695064,1
3498,0.50431699,0.51038874,0.65493318,0.39118179,0.28831548,12.13430485,12.24355402,1,1,210.24695064,1
3499,0.49701058,0.5155351,0.62485128,0.35335815,0.30622157,12.0488324,12.16540913,1,1,210.24695064,1
3500,0.49521597,0.48685361,0.60924066,0.31688441,0.31559333,12.17817082,12.21857702,1,1,210.24695064,1
3501,0.48621602,0.48873166,0.60253062,0.28082734,0.33829038,11.94342254,11.95681837,1,1,210.24695064,1
3502,0.47762908,0.4968685,0.60788571,0.2453343,0.35804734,12.2264506,12.25319562,1,1,210.24695064,1
3503,0.47851265,0.49625454,0.60797087,0.21043827,0.34088639,11.9780787,12.00316101,1,1,210.24695064,1
3504,0.52727566,0.54558947,0.63724403,0.25622949,0.32421215,11.94831696,11.97729395,1,1,210.24695064,1
3505,0.52533471,0.54063212,0.62282126,0.30107718,0.30772792,12.0703724,12.10839752,1,1,210.24695064,1
3506,0.53981864,0.55270046,0.61240173,0.31701254,0.33150108,12.05228606,12.11869434,1,1,210.24695064,1
3507,0.53702437,0.56865962,0.60043302,0.3586911,0.31487106,12.18328449,12.29079322,1,1,210.24695064,1
3508,0.53142053,0.55052782,0.59696756,0.32298193,0.33841585,11.89010502,11.97630508,1,1,210.24695064,1
3509,0.54896539,0.5568168,0.60955211,0.36652229,0.36164753,11.90648828,12.01067857,1,1,210.24695064,1
3510,0.54975319,0.5538534,0.60975941,0.3293818,0.35777644,12.06448171,12.079925,1,1,210.24695064,1
3511,0.53116068,0.53363313,0.61926957,0.32445446,0.38062091,12.09044771,12.20824826,1,1,210.24695064,1
3512,0.51426995,0.52735859,0.61696832,0.29200462,0.36302327,11.89171014,11.91643861,1,1,210.24695064,1
3513,0.51387979,0.51412919,0.62442657,0.33616453,0.35282167,12.19782458,12.24344334,1,1,210.24695064,1
3514,0.52036798,0.5280153,0.59922447,0.37733135,0.33582338,11.63325437,11.68420773,1,1,210.24695064,1
3515,0.51301432,0.51025579,0.59924901,0.41978472,0.33080473,11.73577269,11.8486506,1,1,210.24695064,1
3516,0.50411253,0.49787715,0.59470608,0.38138903,0.31952526,12.10727817,12.16290763,1,1,210.24695064,1
3517,0.49877108,0.50604308,0.59926378,0.39544044,0.34258844,12.16972621,12.25408855,1,1,210.24695064,1
3518,0.49857745,0.51012829,0.59904509,0.36740093,0.32681188,12.51728004,12.63293836,1,1,210.24695064,1
3519,0.54900235,0.52908561,0.61683651,0.4018051,0.31095066,11.83897336,11.87184818,1,1,210.24695064,1
3520,0.55558492,0.53034255,0.60708719,0.44372032,0.33473163,12.09922862,12.1095857,1,1,210.24695064,1
3521,0.53235869,0.55733671,0.60742163,0.4800128,0.3181647,11.75527194,11.79687015,1,1,210.24695064,1
3522,0.52336807,0.54456577,0.60577063,0.52041054,0.34173129,12.09072412,12.18986958,1,1,210.24695064,1
3523,0.52921829,0.56494316,0.57960679,0.48531589,0.33326294,12.07864222,12.19936147,1,1,210.24695064,1
3524,0.52958779,0.56506394,0.57951862,0.5253334,0.35627143,11.87637537,11.98510499,1,1,210.24695064,1
3525,0.48647403,0.54095865,0.59688484,0.48492275,0.3791383,11.79326459,11.87898185,1,1,210.24695064,1
3526,0.48716902,0.53362395,0.58533727,0.52519264,0.3615646,11.98826329,12.04591938,1,1,210.24695064,1
3527,0.50438957,0.54351024,0.57122824,0.41114093,0.41539542,11.87959861,11.92743902,1,1,210.24695064,0
3528,0.5032123,0.54017116,0.58797619,0.53291809,0.47558844,11.83505649,11.93410349,1,1,210.24695064,0
3529,0.50506803,0.52670178,0.56795381,0.62029155,0.42362685,12.1243787,12.12645056,1,1,210.24695064,0
3530,0.5084476,0.53043998,0.59349453,0.49788573,0.4812209,12.11845228,12.13680441,1,1,210.24695064,0
3531,0.50842909,0.52830028,0.5935183,0.40800723,0.42126421,11.83198907,11.89502765,1,1,210.24695064,0
3532,0.51013591,0.51717829,0.54852293,0.28987411,0.36310407,11.64592553,11.68040313,1,1,210.24695064,0
3533,0.56972401,0.44804307,0.44863555,0.17412757,0.31466622,11.98740157,12.03288957,1,1,210.24695064,0
3534,0.60144098,0.36418632,0.35271627,0.30016107,0.36946963,12.34206271,12.44037639,1,1,210.24695064,0
3535,0.66240658,0.30668432,0.27728597,0.18714261,0.31346641,11.79544725,11.8967019,1,1,210.24695064,0
3536,0.68350106,0.25392032,0.22183294,0.18083123,0.3371738,12.21076444,12.32901997,1,1,210.24695064,1
3537,0.68341149,0.25624564,0.22164455,0.1472219,0.35116081,12.10812561,12.20619974,1,1,210.24695064,1
3538,0.72078025,0.19731207,0.22727132,0.19360598,0.37413575,11.6425579,11.71462188,1,1,210.24695064,1
3539,0.71238853,0.20843689,0.23282025,0.15973387,0.39665303,11.71803048,11.72227812,1,1,210.24695064,1
3540,0.71489432,0.21796099,0.23712033,0.12683207,0.41871541,12.04733976,12.15786122,1,1,210.24695064,1
3541,0.71051627,0.22081038,0.24862699,0.0943691,0.4003411,12.02371604,12.10761959,1,1,210.24695064,1
3542,0.67951724,0.23877357,0.25397419,0.06248173,0.38233428,12.060361,12.1061142,1,1,210.24695064,1
3543,0.67030835,0.25338439,0.24712066,0.11096135,0.40468757,12.3761324,12.49634476,1,1,210.24695064,1
3544,0.63897316,0.26258315,0.25583782,0.09405468,0.42654223,11.93359198,11.97093816,1,1,210.24695064,1
3545,0.65982958,0.26876677,0.25559302,0.06792119,0.40801139,11.96026455,12.02810962,1,1,210.24695064,1
3546,0.65518287,0.28109854,0.27045197,0.11656275,0.38985991,12.04599246,12.06567564,1,1,210.24695064,1
3547,0.62269018,0.28935554,0.26643007,0.10731196,0.4120609,11.92451494,11.99981479,1,1,210.24695064,1
3548,0.62228581,0.29198885,0.26611187,0.07518338,0.39421849,12.10278911,12.12027006,1,1,210.24695064,1
3549,0.67119704,0.24252591,0.28134689,0.04368058,0.3763343,12.04632688,12.09094571,1,1,210.24695064,1
3550,0.66903055,0.25181072,0.27963147,0.01282519,0.36327978,12.16074384,12.18882583,1,1,210.24695064,1
3551,0.63205627,0.26779053,0.28542945,0,0.34601419,11.80466045,11.88257323,1,1,210.24695064,1
3552,0.63863245,0.27104737,0.29046835,0,0.32988684,11.47880744,11.5917361,1,1,210.24695064,1
3553,0.61628951,0.28016734,0.3003335,0.05,0.35320038,12.3017317,12.35609952,1,1,210.24695064,1
3554,0.5904505,0.28865796,0.30626638,0.01900606,0.37613395,12.00440292,12.01940578,1,1,210.24695064,1
3555,0.60062978,0.29293998,0.30979106,0.06862594,0.38158817,11.5331823,11.54838621,1,1,210.24695064,1
3556,0.59473954,0.31121692,0.31913869,0.11672745,0.3640873,11.87661584,11.92620399,1,1,210.24695064,1
3557,0.59497048,0.3096777,0.31886083,0.16434734,0.38493574,12.0319992,12.03469064,1,1,210.24695064,1
3558,0.64247658,0.30730316,0.32228598,0.21106006,0.39402782,12.26244308,12.32358179,1,1,210.24695064,1
3559,0.63270173,0.30575395,0.3376076,0.19724206,0.41588315,12.14917038,12.25057092,1,1,210.24695064,1
3560,0.6252956,0.31812712,0.33461906,0.16329722,0.43756437,12.00193643,12.09978481,1,1,210.24695064,1
3561,0.63194765,0.33789375,0.33726843,0.14110628,0.45693513,12.11489018,12.21830543,1,1,210.24695064,1
3562,0.6102031,0.35368744,0.3479521,0.18807849,0.43779643,12.20483086,12.254801,1,1,210.24695064,1
3563,0.59744457,0.36410316,0.34463479,0.234298,0.41904075,11.91676243,11.94667695,1,1,210.24695064,1
3564,0.59081635,0.36965372,0.35481238,0.27961196,0.40065997,12.19081405,12.24735225,1,1,210.24695064,1
3565,0.5779895,0.36938167,0.34105727,0.29680157,0.41847247,12.01941362,12.0961619,1,1,210.24695064,1
3566,0.58967601,0.38745457,0.34058192,0.34086459,0.44010302,12.09097267,12.14435922,1,1,210.24695064,1
3567,0.5744094,0.3848045,0.35185933,0.38403619,0.42133252,12.27117948,12.39125767,1,1,210.24695064,1
3568,0.57461116,0.39297746,0.36001073,0.34636381,0.44287603,11.90560194,11.96961252,1,1,210.24695064,1
3569,0.57418441,0.39682222,0.3601285,0.30943755,0.46387867,11.54066275,11.62929366,1,1,210.24695064,1
3570,0.63077265,0.37993259,0.37933011,0.27430152,0.48457081,11.82301715,11.91732524,1,1,210.24695064,1
3571,0.63971428,0.38849413,0.37960395,0.23881549,0.46523287,12.21782662,12.25508887,1,1,210.24695064,1
3572,0.64236975,0.37885634,0.37965764,0.21315794,0.48592747,12.19891623,12.21373417,1,1,210.24695064,1
3573,0.62055645,0.40459704,0.38712348,0.24884719,0.46949487,11.77560017,11.80214701,1,1,210.24695064,1
3574,0.60183406,0.40902906,0.38042773,0.22009612,0.48628118,12.13430756,12.20399991,1,1,210.24695064,1
3575,0.58235679,0.43136956,0.39648498,0.26516985,0.50608938,12.11078534,12.19385997,1,1,210.24695064,1
3576,0.59346833,0.42293196,0.40039108,0.23336037,0.52596752,11.59204369,11.67858362,1,1,210.24695064,1
3577,0.58603398,0.4506705,0.39275351,0.27778072,0.54518192,12.0002687,12.08621983,1,1,210.24695064,1
3578,0.58611071,0.44923841,0.39286213,0.3222251,0.56388576,12.13812301,12.23312138,1,1,210.24695064,1
3579,0.62330342,0.38221576,0.40262195,0.28578283,0.58260804,11.86573932,11.92990226,1,1,210.24695064,1
3580,0.61663592,0.39709725,0.39974343,0.33006717,0.56095588,11.98545903,12.09879449,1,1,210.24695064,1
3581,0.62001076,0.41167279,0.41932089,0.33756082,0.53979448,11.87036911,11.97664348,1,1,210.24695064,1
3582,0.57939166,0.42347493,0.42321319,0.3808096,0.51899859,11.95095452,11.98550173,1,1,210.24695064,1
3583,0.59330279,0.42401071,0.40943708,0.34334265,0.53452219,11.8320031,11.8861418,1,1,210.24695064,1
3584,0.5702876,0.44186421,0.43033714,0.32675519,0.55382973,12.34380165,12.37869982,1,1,210.24695064,1
3585,0.57022928,0.44183367,0.43035457,0.37020882,0.57275205,11.98827855,12.07331068,1,1,210.24695064,1
3586,0.54397186,0.3933306,0.44033772,0.4127288,0.5514686,12.00519548,12.08166352,1,1,210.24695064,1
3587,0.53749368,0.37507083,0.44013305,0.42719286,0.53043923,11.78576267,11.78731338,1,1,210.24695064,1
3588,0.53790529,0.37775075,0.44925218,0.45684415,0.50983046,11.87939605,11.92640354,1,1,210.24695064,1
3589,0.51317073,0.38998894,0.45459349,0.49770718,0.52963379,11.87548566,11.90754884,1,1,210.24695064,1
3590,0.52643393,0.38451507,0.45214512,0.45776583,0.51180601,11.73045576,11.73174907,1,1,210.24695064,1
3591,0.50928352,0.38532205,0.44738121,0.49780618,0.53154771,11.97117123,11.97287139,1,1,210.24695064,1
3592,0.50926067,0.38648287,0.44745438,0.45785007,0.51091687,11.83903535,11.85561278,1,1,210.24695064,1
3593,0.58016856,0.39194537,0.47250107,0.49867234,0.53069742,11.74728407,11.76697019,1,1,210.24695064,1
3594,0.56290584,0.3838842,0.45493912,0.53523763,0.55008347,12.20703066,12.30991713,1,1,210.24695064,1
3595,0.56698276,0.39410482,0.45741494,0.57412335,0.5297392,11.96200713,12.04059809,1,1,210.24695064,1
3596,0.53859637,0.42015899,0.47722909,0.61254228,0.50914682,12.21669741,12.23962081,1,1,210.24695064,1
3597,0.55099445,0.42950061,0.47073458,0.65020053,0.52896388,11.69727611,11.75174196,1,1,210.24695064,1
3598,0.5525224,0.42313544,0.47696382,0.60719652,0.53392343,12.11693541,12.1540905,1,1,210.24695064,1
3599,0.54226831,0.44099866,0.47983781,0.64505253,0.54401281,12.08601897,12.20102347,1,1,210.24695064,1
3600,0.54308818,0.44175367,0.48008071,0.60215149,0.54493102,12.33951249,12.38798631,1,1,210.24695064,1
3601,0.60143251,0.42271404,0.50470633,0.56733583,0.55842648,11.95765663,12.07479083,1,1,210.24695064,1
3602,0.61256656,0.45033176,0.49907429,0.60534391,0.53725795,12.07547971,12.15282078,1,1,210.24695064,1
3603,0.59272609,0.45177922,0.49988209,0.5632382,0.51677906,11.94339048,11.95912237,1,1,210.24695064,1
3604,0.57237335,0.46842741,0.49832563,0.60197342,0.53644346,12.39438002,12.48175736,1,1,210.24695064,1
3605,0.56981555,0.46282186,0.50539272,0.55993395,0.51598954,12.31900872,12.33615609,1,1,210.24695064,1
3606,0.56465449,0.4715678,0.49668696,0.51873527,0.53566961,12.21557277,12.22588835,1,1,210.24695064,1
3607,0.547432,0.50359025,0.50823753,0.558358,0.51495707,11.98496719,12.09516768,1,1,210.24695064,1
3608,0.56647319,0.48964189,0.48280221,0.59688167,0.52852601,12.29935008,12.40104302,1,1,210.24695064,1
3609,0.56633628,0.48867291,0.48296723,0.55793555,0.54795507,11.9710642,12.0641967,1,1,210.24695064,1
3610,0.61339348,0.43941549,0.49314343,0.51681024,0.52699597,12.00312447,12.07952991,1,1,210.24695064,1
3611,0.58942688,0.44883018,0.50419905,0.47659388,0.50647611,11.75575674,11.7697414,1,1,210.24695064,1
3612,0.58139798,0.45965204,0.50872383,0.44435221,0.5260604,12.01635155,12.08500101,1,1,210.24695064,1
3613,0.55818831,0.47782798,0.51308326,0.42728486,0.5448819,11.93694467,12.04785973,1,1,210.24695064,1
3614,0.56178171,0.48349489,0.4916912,0.44077617,0.56398426,12.01354765,12.07520422,1,1,210.24695064,1
3615,0.54112422,0.4838181,0.486491,0.45415006,0.58270457,11.78818149,11.85196326,1,1,210.24695064,1
3616,0.54034318,0.4863954,0.48666119,0.41524552,0.60105048,11.89239175,11.91700825,1,1,210.24695064,1
3617,0.60409105,0.47612109,0.50107797,0.45694061,0.57902947,11.84408747,11.86751795,1,1,210.24695064,1
3618,0.58277858,0.50096765,0.51296407,0.4978018,0.55834096,12.14086455,12.18876334,1,1,210.24695064,1
3619,0.57139468,0.50053284,0.49203306,0.45784617,0.57717282,12.13929542,12.14954017,1,1,210.24695064,1
3620,0.59148274,0.51828067,0.49123435,0.41868925,0.55580668,12.06180688,12.17281189,1,1,210.24695064,1
3621,0.57184064,0.52466321,0.50073815,0.46031546,0.53628192,11.872865,11.92086012,1,1,210.24695064,1
3622,0.5560408,0.53388994,0.49780445,0.50110915,0.55275033,12.33784458,12.40610636,1,1,210.24695064,1
3623,0.56742864,0.53664847,0.48846345,0.54084018,0.56040663,11.71159097,11.7982794,1,1,210.24695064,1
3624,0.56696765,0.53609557,0.48828768,0.58002266,0.57919849,12.12821325,12.17050255,1,1,210.24695064,1
3625,0.54373295,0.53039777,0.50749203,0.61836714,0.59547127,11.97958927,12.03939043,1,1,210.24695064,1
3626,0.51575109,0.52506566,0.50735805,0.65127354,0.61356181,11.86894761,11.97000675,1,1,210.24695064,1
3627,0.51849257,0.50785591,0.51220935,0.68252076,0.59129057,12.22664082,12.28120342,1,1,210.24695064,1
3628,0.53502766,0.49044558,0.49815556,0.63887035,0.60946424,12.13991627,12.24368406,1,1,210.24695064,1
3629,0.51208474,0.4975863,0.49500985,0.59609294,0.59547037,12.02340799,12.07570634,1,1,210.24695064,1
3630,0.53425338,0.49477662,0.48999165,0.55417113,0.57356438,11.96064635,12.02284661,1,1,210.24695064,1
3631,0.52576441,0.47472775,0.4945149,0.5930877,0.59209308,11.88470058,11.90655004,1,1,210.24695064,1
3632,0.52575108,0.49187342,0.51329797,0.63122591,0.61025121,11.86418609,11.93081316,1,1,210.24695064,1
3633,0.52549868,0.49268271,0.513372,0.58860139,0.62804619,11.91857833,11.93476624,1,1,210.24695064,1
3634,0.54180104,0.42395907,0.54079861,0.62682931,0.60548529,12.04885748,12.04886303,1,1,210.24695064,1
3635,0.53886633,0.44649033,0.52375993,0.64907513,0.58345572,11.98158016,12.07160005,1,1,210.24695064,1
3636,0.51392313,0.43668826,0.51353325,0.60623666,0.60176976,12.10666368,12.17131153,1,1,210.24695064,1
3637,0.51506737,0.45462977,0.51812557,0.63453791,0.61973435,12.07744627,12.17202595,1,1,210.24695064,1
3638,0.50483717,0.47946895,0.52419826,0.61972225,0.6373393,11.9779237,12.06112902,1,1,210.24695064,1
3639,0.50486862,0.4817201,0.52456496,0.57789087,0.61459251,12.12426856,12.14625921,1,1,210.24695064,1
3640,0.56820843,0.48847503,0.54282712,0.53657838,0.63230035,12.07635022,12.17281168,1,1,210.24695064,1
3641,0.53978596,0.49802503,0.54615787,0.49584701,0.60968287,12.06101556,12.12717675,1,1,210.24695064,1
3642,0.53481686,0.50874212,0.53706741,0.53593007,0.59195793,11.60872464,11.6794878,1,1,210.24695064,1
3643,0.55029996,0.50030946,0.5211935,0.56322951,0.57143281,12.1410889,12.17824548,1,1,210.24695064,1
3644,0.54973881,0.50023551,0.52095769,0.60196492,0.5899443,11.85262774,11.9045066,1,1,210.24695064,1
3645,0.51937629,0.47518435,0.53837853,0.55992735,0.60814541,11.99090906,12.01271373,1,1,210.24695064,1
3646,0.53414659,0.46895998,0.54173076,0.59872869,0.62585948,11.94341478,11.94608013,1,1,210.24695064,1
3647,0.53048952,0.45888277,0.5325434,0.55675412,0.60657806,12.15705448,12.22415237,1,1,210.24695064,1
3648,0.50793852,0.45330936,0.54021098,0.51562406,0.62402125,12.01519299,12.11326997,1,1,210.24695064,1
3649,0.51441382,0.45838784,0.52193114,0.475723,0.60800309,11.88175208,11.92611399,1,1,210.24695064,1
3650,0.49804804,0.45921048,0.52184975,0.47650641,0.62584293,12.17687246,12.23308511,1,1,210.24695064,1
3651,0.49808424,0.46201158,0.52181749,0.43697655,0.64323428,12.09450255,12.16714767,1,1,210.24695064,1
3652,0.54054228,0.4957283,0.54715985,0.40188191,0.66036949,12.07291666,12.11623846,1,1,210.24695064,1
3653,0.55870957,0.50271981,0.523456,0.44312441,0.63717563,12.28311568,12.36281631,1,1,210.24695064,1
3654,0.55923264,0.49759977,0.52957333,0.40426192,0.61443252,12.17674146,12.27577932,1,1,210.24695064,1
3655,0.55051679,0.50613652,0.53683562,0.36771441,0.59469968,12.06799135,12.17199906,1,1,210.24695064,1
3656,0.56214236,0.5153435,0.51822853,0.35856289,0.57340005,11.6435521,11.72251684,1,1,210.24695064,1
3657,0.56493147,0.51189229,0.53441194,0.40139117,0.5519322,11.71610821,11.7656784,1,1,210.24695064,1
3658,0.56501931,0.51344444,0.53470732,0.36336335,0.535685,12.05528548,12.13824356,1,1,210.24695064,1
3659,0.59694697,0.46630572,0.55996162,0.40603329,0.55497118,12.1274928,12.20786318,1,1,210.24695064,1
3660,0.58032358,0.45767251,0.55008628,0.44791262,0.55918746,12.0503094,12.06940047,1,1,210.24695064,1
3661,0.561626,0.46499947,0.55445685,0.44677188,0.53906331,11.51138361,11.5833933,1,1,210.24695064,1
3662,0.5384154,0.47700879,0.55119193,0.43258019,0.53336999,12.36980099,12.47020338,1,1,210.24695064,1
3663,0.55464344,0.48687224,0.54662091,0.39433253,0.51330762,12.08475447,12.15698053,1,1,210.24695064,1
3664,0.55481735,0.48680155,0.54641079,0.43642159,0.53304083,11.87452914,11.8872614,1,1,210.24695064,1
3665,0.53695596,0.43586957,0.55460967,0.39769316,0.55238001,11.91494935,12.0130269,1,1,210.24695064,1
3666,0.53381011,0.45485113,0.56174907,0.35977193,0.57133241,12.04922941,12.09795517,1,1,210.24695064,1
3667,0.5343556,0.43713347,0.56877442,0.32257737,0.58990151,12.01427457,12.1316828,1,1,210.24695064,1
3668,0.53151807,0.4411932,0.55492362,0.36612582,0.56851563,12.17169189,12.17860601,1,1,210.24695064,1
3669,0.52349699,0.4491623,0.54581448,0.40872891,0.58714454,12.40945684,12.42201523,1,1,210.24695064,1
3670,0.51232686,0.44298748,0.55562447,0.37055464,0.58629001,12.32315412,12.44259242,1,1,210.24695064,1
3671,0.51243908,0.4425007,0.55549148,0.33324865,0.60456421,11.97074932,11.97796497,1,1,210.24695064,1
3672,0.58053074,0.44733617,0.57759369,0.3765753,0.62247292,11.76327186,11.79231342,1,1,210.24695064,1
3673,0.58210138,0.4503978,0.57393111,0.41900215,0.63989328,11.94983125,12.03281174,1,1,210.24695064,1
3674,0.55455452,0.45986222,0.55757215,0.4606221,0.61759618,11.68737381,11.72455427,1,1,210.24695064,1
3675,0.54802989,0.4714902,0.55897155,0.42141398,0.63524414,11.98759313,12.01096893,1,1,210.24695064,1
3676,0.5641193,0.48585938,0.54058634,0.3829857,0.64288442,12.13461775,12.14964696,1,1,210.24695064,1
3677,0.56478557,0.48930711,0.54060693,0.3453813,0.62249878,11.86760649,11.89719695,1,1,210.24695064,1
3678,0.55947198,0.44225205,0.54445849,0.38839895,0.6400488,11.94975259,11.95519731,1,1,210.24695064,1
3679,0.56116335,0.42787831,0.56809826,0.35973195,0.6506298,12.16049626,12.25498367,1,1,210.24695064,1
3680,0.5291448,0.4334574,0.53762899,0.33048058,0.62762547,11.77573724,11.80333215,1,1,210.24695064,1
3681,0.53010296,0.45346386,0.53956149,0.37325457,0.61081335,11.71323198,11.80799555,1,1,210.24695064,1
3682,0.52078506,0.43273601,0.54958539,0.413973,0.60660798,12.23304461,12.24022597,1,1,210.24695064,1
3683,0.5095234,0.46027776,0.53996589,0.37571478,0.60187084,11.68259088,11.71139502,1,1,210.24695064,1
3684,0.51047289,0.45809027,0.53956966,0.33820048,0.58598343,11.90799298,11.96542877,1,1,210.24695064,1
3685,0.49582084,0.42158441,0.55084817,0.30143675,0.60289502,12.25995978,12.37582206,1,1,210.24695064,1
3686,0.47815526,0.41084237,0.5440604,0.34540801,0.6208344,11.95769932,11.96550451,1,1,210.24695064,1
3687,0.47267346,0.4137504,0.55040118,0.37931861,0.59841771,12.22548015,12.24086413,1,1,210.24695064,1
3688,0.47908304,0.41416179,0.54680143,0.41774687,0.5764497,11.81105567,11.82916212,1,1,210.24695064,1
3689,0.45950907,0.43414972,0.53362817,0.45802998,0.56266205,12.13040875,12.20758925,1,1,210.24695064,1
3690,0.4593453,0.43327937,0.53358504,0.42093405,0.58140845,12.33074347,12.39670646,1,1,210.24695064,1
3691,0.48220916,0.50202246,0.55851468,0.45548039,0.55980542,11.77508519,11.82017131,1,1,210.24695064,1
3692,0.47500131,0.4950548,0.54926011,0.41846014,0.53861056,12.0170493,12.10291158,1,1,210.24695064,1
3693,0.48986372,0.50379713,0.5563137,0.46002014,0.52641746,11.76454977,11.83881526,1,1,210.24695064,1
3694,0.51101575,0.4858855,0.54410132,0.42094517,0.50590034,11.96047567,11.97509398,1,1,210.24695064,1
3695,0.53114855,0.49124943,0.53170586,0.38252627,0.52578233,11.83044096,11.86727398,1,1,210.24695064,1
3696,0.53124907,0.49453899,0.53167731,0.35061173,0.50723384,11.99035509,12.10917591,1,1,210.24695064,1
3697,0.50928773,0.45083355,0.53635759,0.31369854,0.52708916,12.04554529,12.12082572,1,1,210.24695064,1
3698,0.50287272,0.46308704,0.54121823,0.27742457,0.51036331,11.75875082,11.76206171,1,1,210.24695064,1
3699,0.51235679,0.45470684,0.54620407,0.31993812,0.49015624,11.7731085,11.79173485,1,1,210.24695064,1
3700,0.48611743,0.45974054,0.55375282,0.28354312,0.50992772,12.05360987,12.11690777,1,1,210.24695064,1
3701,0.4946098,0.47378052,0.54290005,0.24787232,0.5116368,12.03563241,12.13791535,1,1,210.24695064,1
3702,0.494354,0.47183382,0.54325817,0.21535566,0.52868562,12.03526882,12.07189567,1,1,210.24695064,1
3703,0.45929968,0.46475201,0.54475114,0.18104855,0.54811191,11.96134727,12.07862518,1,1,210.24695064,1
3704,0.47969472,0.47799574,0.54607296,0.22732885,0.56714814,12.06989088,12.16641866,1,1,210.24695064,1
3705,0.47144648,0.47333486,0.53841795,0.19303395,0.5672922,12.16173879,12.20850821,1,1,210.24695064,1
3706,0.47239123,0.44349303,0.53795207,0.23916217,0.58307114,12.14339814,12.25094049,1,1,210.24695064,1
3707,0.47849578,0.43733673,0.53962177,0.28437893,0.60080143,11.95604886,11.99056066,1,1,210.24695064,1
3708,0.47905216,0.43957285,0.53971414,0.32869134,0.61449552,12.16362762,12.22476669,1,1,210.24695064,1
3709,0.45935697,0.46353898,0.55403332,0.29211753,0.59220561,12.30488475,12.42507971,1,1,210.24695064,1
3710,0.47681524,0.44612771,0.55876924,0.33627308,0.58045041,11.92211285,12.0210162,1,1,210.24695064,1
3711,0.47467763,0.45116481,0.555014,0.37954688,0.5589408,12.00083184,12.0347116,1,1,210.24695064,1
3712,0.48545821,0.44120484,0.55777612,0.34202681,0.57776181,12.14081151,12.18583626,1,1,210.24695064,1
3713,0.49128714,0.42639813,0.53275566,0.3051863,0.59620083,11.63857574,11.74831565,1,1,210.24695064,1
3714,0.49130074,0.42631062,0.53299417,0.34908257,0.61427539,11.49007959,11.51932828,1,1,210.24695064,1
3715,0.46053726,0.4358146,0.53633917,0.39207895,0.63198988,11.98801528,12.04828538,1,1,210.24695064,1
3716,0.44619381,0.41134526,0.56060467,0.41182046,0.6493434,11.75151113,11.84346575,1,1,210.24695064,1
3717,0.45308947,0.4055349,0.55482401,0.45358405,0.6263573,12.042703,12.05511938,1,1,210.24695064,1
3718,0.46717263,0.40500562,0.53494711,0.49422943,0.64336098,11.74678415,11.79344131,1,1,210.24695064,1
3719,0.47096839,0.39415322,0.55044997,0.45438158,0.62049526,12.13863771,12.17132683,1,1,210.24695064,1
3720,0.47105252,0.39556455,0.55006492,0.41640138,0.59810066,12.07020434,12.15877626,1,1,210.24695064,1
3721,0.52470061,0.43039835,0.56435336,0.45645634,0.61609975,11.97790374,12.03469289,1,1,210.24695064,1
3722,0.51947394,0.4469889,0.5781308,0.41732852,0.63341343,11.5515686,11.57526828,1,1,210.24695064,1
3723,0.54680438,0.43238258,0.56052963,0.39690607,0.61074516,11.85013237,11.89486307,1,1,210.24695064,1
3724,0.5394614,0.46563493,0.56088055,0.43896778,0.58853026,12.07300985,12.15902338,1,1,210.24695064,1
3725,0.5223795,0.45073367,0.54763223,0.4209589,0.58282016,11.98678652,12.00766113,1,1,210.24695064,1
3726,0.5388139,0.46890615,0.56760897,0.46250179,0.56116376,11.82905694,11.87645059,1,1,210.24695064,1
3727,0.52158086,0.47822434,0.56735785,0.43475259,0.53994114,11.85384091,11.91439836,1,1,210.24695064,1
3728,0.52202171,0.47844586,0.56718561,0.47605556,0.55913966,12.24395677,12.25529198,1,1,210.24695064,1
3729,0.57424642,0.47498965,0.58860934,0.43668007,0.53797462,12.00958566,12.09201684,1,1,210.24695064,1
3730,0.5901652,0.48080724,0.57285671,0.47681776,0.51721513,11.68361864,11.74380223,1,1,210.24695064,1
3731,0.58161139,0.49895148,0.56769254,0.45130804,0.49787273,12.16977818,12.28918356,1,1,210.24695064,1
3732,0.57542892,0.51797317,0.5877899,0.42053589,0.48208496,12.21571544,12.33194361,1,1,210.24695064,1
3733,0.57262178,0.50782058,0.58388203,0.46211928,0.47719583,12.20652249,12.2186659,1,1,210.24695064,1
3734,0.54617253,0.52118117,0.56067911,0.50249453,0.49765188,12.31488265,12.31745382,1,1,210.24695064,1
3735,0.54969304,0.52186647,0.5618915,0.5424446,0.51769884,11.66486201,11.76750469,1,1,210.24695064,1
3736,0.54962888,0.51954876,0.56190701,0.58153071,0.50652272,11.63597787,11.73995115,1,1,210.24695064,1
3737,0.53149037,0.50838105,0.59276928,0.53990102,0.48641268,12.26967244,12.31637399,1,1,210.24695064,1
3738,0.51626555,0.49448263,0.59171162,0.57908054,0.47455981,11.82011719,11.88488114,1,1,210.24695064,1
3739,0.52112061,0.48311027,0.56241255,0.54915513,0.4950686,11.79817888,11.90055006,1,1,210.24695064,1
3740,0.50849234,0.48802915,0.57950126,0.56055604,0.51516723,12.25070466,12.33234327,1,1,210.24695064,1
3741,0.5238123,0.49136625,0.58134621,0.51934492,0.53198645,11.74779441,11.75384114,1,1,210.24695064,1
3742,0.51131573,0.47737672,0.56724418,0.50068347,0.55134665,11.77028043,11.86570607,1,1,210.24695064,1
3743,0.53008312,0.47581969,0.55484556,0.47204917,0.53049481,12.14727128,12.23876006,1,1,210.24695064,1
3744,0.52940713,0.4755563,0.55467911,0.49530017,0.51006424,12.09573529,12.15713887,1,1,210.24695064,1
3745,0.58487976,0.4598501,0.56232222,0.45586924,0.52449622,12.1553153,12.24322579,1,1,210.24695064,1
3746,0.58445557,0.48779275,0.55638179,0.4949196,0.50466114,11.93193882,12.01599993,1,1,210.24695064,1
3747,0.60204865,0.4749941,0.58092716,0.45503382,0.48573421,12.33744455,12.42862118,1,1,210.24695064,1
3748,0.582404,0.49788413,0.55761864,0.41593321,0.46601953,12.03567124,12.05855708,1,1,210.24695064,1
3749,0.58473343,0.50610233,0.57839491,0.37761458,0.45098928,11.88655101,11.8992041,1,1,210.24695064,1
3750,0.56539173,0.53142912,0.55709199,0.42006228,0.43196952,11.70952964,11.71817333,1,1,210.24695064,1
3751,0.55706899,0.53327216,0.55879929,0.38250254,0.434943,12.02188064,12.06875637,1,1,210.24695064,1
3752,0.55694214,0.53415801,0.55864938,0.3448548,0.41647996,11.9442963,12.01679403,1,1,210.24695064,1
3753,0.56793353,0.51395815,0.57495347,0.38702664,0.43815036,11.53696628,11.61604807,1,1,210.24695064,1
3754,0.55815548,0.51421217,0.58354877,0.42670396,0.42494283,11.93111329,11.93331576,1,1,210.24695064,1
3755,0.5505972,0.51493467,0.57112687,0.39121597,0.44641736,11.83966364,11.89502394,1,1,210.24695064,1
3756,0.54934745,0.5136736,0.58019221,0.35339171,0.45044226,11.85857685,11.91586393,1,1,210.24695064,1
3757,0.54104963,0.51920967,0.57508024,0.39632157,0.47142458,12.25847682,12.2884482,1,1,210.24695064,1
3758,0.5312353,0.5181077,0.56949424,0.35839515,0.45203301,11.85463479,11.94189209,1,1,210.24695064,1
3759,0.53091561,0.52224018,0.5690901,0.32122734,0.43314957,12.14478747,12.20555177,1,1,210.24695064,1
3760,0.49589898,0.51839296,0.6004794,0.36480279,0.45396246,12.25157672,12.33748252,1,1,210.24695064,1
3761,0.49469595,0.50632467,0.59071837,0.39727634,0.44070819,11.85475331,11.89377137,1,1,210.24695064,1
3762,0.50569547,0.49896516,0.57829607,0.35933083,0.46169649,12.0310991,12.06840024,1,1,210.24695064,1
3763,0.51574273,0.48211819,0.56534745,0.40214419,0.46277286,12.04559044,12.04880351,1,1,210.24695064,1
3764,0.50955306,0.4893316,0.59559915,0.36410131,0.44353604,11.71623946,11.75497677,1,1,210.24695064,1
3765,0.50313474,0.49688297,0.57479983,0.40681919,0.46465159,12.16558484,12.24333716,1,1,210.24695064,1
3766,0.51041597,0.48607918,0.58962011,0.44865518,0.44536384,12.13170935,12.15891679,1,1,210.24695064,1
3767,0.51054758,0.48989731,0.5898129,0.40968208,0.42645656,11.8319217,11.88665412,1,1,210.24695064,1
3768,0.56819156,0.50673211,0.59848298,0.45148844,0.40792743,11.86558168,11.89367855,1,1,210.24695064,1
3769,0.54403251,0.51810716,0.60920689,0.45541136,0.3897689,11.97170728,12.02824081,1,1,210.24695064,1
3770,0.56635212,0.53086309,0.60606132,0.41630313,0.41110941,11.96716761,11.97085057,1,1,210.24695064,1
3771,0.54000061,0.53545838,0.58857104,0.45797682,0.43282372,12.0252023,12.05043557,1,1,210.24695064,1
3772,0.53932486,0.53936165,0.58987299,0.49881661,0.41469153,12.00529577,12.06661256,1,1,210.24695064,1
3773,0.55213731,0.54252374,0.58765716,0.53841407,0.43639729,11.80899754,11.84647495,1,1,210.24695064,1
3774,0.53483652,0.55883931,0.57859082,0.57763949,0.45766538,11.99690075,12.03897751,1,1,210.24695064,1
3775,0.53428061,0.5630652,0.57851696,0.53959341,0.47851207,12.16422165,12.26100674,1,1,210.24695064,1
3776,0.49679805,0.53166268,0.60459835,0.49880166,0.45894183,11.73652652,11.77945612,1,1,210.24695064,1
3777,0.49841063,0.50586087,0.59822178,0.45883561,0.43976539,11.97111698,11.97992393,1,1,210.24695064,1
3778,0.49863103,0.50781022,0.59737494,0.4996589,0.46096903,11.91533663,11.93687204,1,1,210.24695064,1
3779,0.50018056,0.50784552,0.59134812,0.49913563,0.44375846,12.09067708,12.20104881,1,1,210.24695064,1
3780,0.49827816,0.51186172,0.57081282,0.53869258,0.46488233,11.76506394,11.77063861,1,1,210.24695064,1
3781,0.49843657,0.5160676,0.57096177,0.49791874,0.44558468,12.36453075,12.40697614,1,1,210.24695064,1
3782,0.48803796,0.5618507,0.57901409,0.46044259,0.42667309,11.87877797,11.9125508,1,1,210.24695064,1
3783,0.51301762,0.56611358,0.55286115,0.42492572,0.44813963,11.9879797,12.03538237,1,1,210.24695064,1
3784,0.52466075,0.56732452,0.51971019,0.46642451,0.46824603,11.84620429,11.8871098,1,1,210.24695064,1
3785,0.52978043,0.54519776,0.53014206,0.50708992,0.48888076,11.65338199,11.74426241,1,1,210.24695064,1
3786,0.52980931,0.54852948,0.52998621,0.48022164,0.49676532,12.12209251,12.20087981,1,1,210.24695064,1
3787,0.50605028,0.54481002,0.53374428,0.47354776,0.47724101,11.83070036,11.85591184,1,1,210.24695064,1
3788,0.49217268,0.54140102,0.54560436,0.4340768,0.49767919,12.24529754,12.35288809,1,1,210.24695064,1
3789,0.50054481,0.52480279,0.55154195,0.39539526,0.5177256,12.01549874,12.12434118,1,1,210.24695064,1
3790,0.48595436,0.53160796,0.53063287,0.35748735,0.50083532,11.68952599,11.72270025,1,1,210.24695064,1
3791,0.48835608,0.5012466,0.54072165,0.32034399,0.50879016,11.99468011,12.07832343,1,1,210.24695064,1
3792,0.50167403,0.50764343,0.55364999,0.33567859,0.52861424,12.22844906,12.31687472,1,1,210.24695064,1
3793,0.5063434,0.51431351,0.54327788,0.29896729,0.50805144,12.13919934,12.15907412,1,1,210.24695064,1
3794,0.50750068,0.51401622,0.54321793,0.2653904,0.5213272,11.93660211,11.945621,1,1,210.24695064,1
3795,0.4578548,0.50360477,0.56118078,0.23809889,0.50090066,11.81133283,11.82793218,1,1,210.24695064,1
3796,0.4671791,0.51381025,0.55587454,0.20453173,0.4855717,11.78962217,11.87928407,1,1,210.24695064,1
3797,0.47911827,0.48788367,0.55956168,0.24296664,0.46586028,11.88762325,11.96973241,1,1,210.24695064,1
3798,0.47027916,0.48078952,0.53126083,0.20810731,0.48651645,11.64489137,11.69297596,1,1,210.24695064,1
3799,0.47915495,0.48885392,0.54750968,0.25247473,0.46678612,11.82462831,11.87546073,1,1,210.24695064,1
3800,0.47933647,0.48870583,0.54727579,0.17782033,0.53141802,12.15891094,12.26062281,1,1,210.24695064,0
3801,0.61252871,0.59939823,0.5012708,0.10939467,0.5978616,11.81606116,11.84691421,1,1,210.24695064,0
3802,0.66779698,0.62419242,0.44893725,0.23720678,0.63183987,12.10984535,12.20689639,1,1,210.24695064,0
3803,0.76546141,0.6544035,0.35824512,0.36245816,0.57709573,11.87338856,11.88033215,1,1,210.24695064,0
3804,0.84913721,0.69529671,0.30204214,0.47956411,0.51984665,12.22775545,12.33268055,1,1,210.24695064,0
3805,0.89031025,0.69621615,0.26214045,0.59989023,0.58025099,12.05746557,12.06332152,1,1,210.24695064,0
3806,0.8902165,0.6953889,0.26221258,0.47789243,0.63820525,12.00924951,12.05771004,1,1,210.24695064,0
3807,0.82183621,0.60699389,0.3193036,0.3816226,0.69348815,11.85157529,11.89667763,1,1,210.24695064,0
3808,0.72971663,0.56936999,0.37188367,0.2706316,0.63587171,11.82267007,11.88459135,1,1,210.24695064,0
3809,0.62142115,0.53038435,0.44271541,0.15521897,0.58045959,12.04020175,12.13051818,1,1,210.24695064,0
3810,0.48827463,0.47148996,0.51984662,0.05496378,0.64735521,12.26562248,12.28212859,1,1,210.24695064,0
3811,0.3893588,0.44968867,0.58427439,0.02386454,0.66439604,12.09938694,12.11015317,1,1,210.24695064,1
3812,0.32053561,0.40904903,0.63835871,0,0.64126463,11.87665177,11.90582265,1,1,210.24695064,1
3813,0.26844423,0.39517981,0.66495245,0,0.65839697,12.1661408,12.24594741,1,1,210.24695064,1
3814,0.26901761,0.3960025,0.66506658,0,0.67522895,11.60634276,11.69001412,1,1,210.24695064,1
3815,0.32858106,0.48883403,0.69764848,0.04996442,0.65172467,11.84620171,11.95117024,1,1,210.24695064,1
3816,0.3337346,0.47720659,0.66458254,0.02369986,0.66032316,11.9718939,12.08796222,1,1,210.24695064,1
3817,0.33368913,0.49529775,0.69869126,0,0.67193181,11.90980308,12.00337711,1,1,210.24695064,1
3818,0.34700388,0.49052464,0.68521743,0.04998951,0.64849322,11.73542221,11.79389684,1,1,210.24695064,1
3819,0.35882604,0.49654012,0.68850749,0.01898977,0.62675195,11.76489969,11.8792707,1,1,210.24695064,1
3820,0.37501394,0.48642877,0.65876027,0,0.60421713,12.24282256,12.30285572,1,1,210.24695064,1
3821,0.38006382,0.48792498,0.65790345,0,0.6221325,12.18222122,12.2263839,1,1,210.24695064,1
3822,0.39473234,0.49362508,0.66808435,0.04999992,0.63968985,12.17229941,12.17480356,1,1,210.24695064,1
3823,0.39012116,0.49576962,0.67632027,0.01901543,0.65687714,11.7698879,11.81976122,1,1,210.24695064,1
3824,0.40228902,0.50862058,0.68272934,0,0.633742,11.75525815,11.79301055,1,1,210.24695064,1
3825,0.42071366,0.49390329,0.68277402,0.05,0.61106717,11.7278438,11.82588407,1,1,210.24695064,1
3826,0.42058737,0.49069147,0.6828137,0.05495752,0.62884583,11.76116128,11.83272871,1,1,210.24695064,1
3827,0.41280043,0.55246485,0.71768044,0.10027687,0.6065667,11.84019602,11.94651433,1,1,210.24695064,1
3828,0.41714025,0.54517675,0.68227264,0.14827133,0.62443536,11.94317644,12.02037608,1,1,210.24695064,1
3829,0.44165854,0.53209703,0.69969276,0.19530376,0.60569394,11.9931494,11.99621088,1,1,210.24695064,1
3830,0.44978455,0.51687697,0.69881137,0.16149904,0.58359274,12.19775175,12.28289235,1,1,210.24695064,1
3831,0.45552859,0.5072992,0.65919117,0.20581969,0.56192098,11.80901745,11.82042448,1,1,210.24695064,1
3832,0.47075126,0.49784403,0.68737709,0.17174956,0.58068232,11.83647383,11.89874769,1,1,210.24695064,1
3833,0.47026407,0.50187447,0.68741183,0.21784382,0.59906321,11.96086823,11.96731879,1,1,210.24695064,1
3834,0.43897855,0.53521841,0.70395693,0.24371642,0.61466841,11.26751358,11.34298005,1,1,210.24695064,1
3835,0.45792644,0.50622227,0.67472975,0.2088422,0.63237504,12.03955388,12.12465753,1,1,210.24695064,1
3836,0.4441483,0.4953946,0.67652027,0.17504136,0.64972754,12.00950513,12.09150561,1,1,210.24695064,1
3837,0.46162887,0.49478005,0.65775983,0.22154048,0.62673302,11.54351033,11.61514153,1,1,210.24695064,1
3838,0.47954371,0.48971589,0.65702608,0.21926069,0.60425356,12.11851352,12.174737,1,1,210.24695064,1
3839,0.47967805,0.48883811,0.65743323,0.26487522,0.62208837,12.07225032,12.11756478,1,1,210.24695064,1
3840,0.45061209,0.51341766,0.68393871,0.3090636,0.5996466,12.22597519,12.26811822,1,1,210.24695064,1
3841,0.46146065,0.50116494,0.65438538,0.27309769,0.61765362,11.78174152,11.80348926,1,1,210.24695064,1
3842,0.47243386,0.48903347,0.65106556,0.31211437,0.5999756,11.94338949,12.0583435,1,1,210.24695064,1
3843,0.47055298,0.49175183,0.64478737,0.35567848,0.57797609,11.90004775,11.93936756,1,1,210.24695064,1
3844,0.47785111,0.48514361,0.6262012,0.39855732,0.59454315,12.00091041,12.00638654,1,1,210.24695064,1
3845,0.48627229,0.48308301,0.64695384,0.36100501,0.61265229,12.12893456,12.24650357,1,1,210.24695064,1
3846,0.48621907,0.48502468,0.64697181,0.32534319,0.63015742,11.9252254,11.96037128,1,1,210.24695064,1
3847,0.44869743,0.49631167,0.66809925,0.28895561,0.60755427,11.95399755,12.00292263,1,1,210.24695064,1
3848,0.45318637,0.51104264,0.67586769,0.27601774,0.5854354,11.95183696,12.04538565,1,1,210.24695064,1
3849,0.45540231,0.47882531,0.65421471,0.24050038,0.59578441,12.03159633,12.03388924,1,1,210.24695064,1
3850,0.46259136,0.47987326,0.65280436,0.26627775,0.61386846,12.02281463,12.03118246,1,1,210.24695064,1
3851,0.48053309,0.46762965,0.65535499,0.31094525,0.63159108,11.9149054,11.99422311,1,1,210.24695064,1
3852,0.47280195,0.45699016,0.63360817,0.34734654,0.64895921,12.16695574,12.26847165,1,1,210.24695064,1
3853,0.47224193,0.45895386,0.63406451,0.38931474,0.62645858,12.41978972,12.46538417,1,1,210.24695064,1
3854,0.47251832,0.49660403,0.63249363,0.43152844,0.62927172,12.19059037,12.23036291,1,1,210.24695064,1
3855,0.46696383,0.49362934,0.62922467,0.47289787,0.60668629,11.87039142,11.98045187,1,1,210.24695064,1
3856,0.48348258,0.47068417,0.61322328,0.51340383,0.62453022,11.91240714,12.0185111,1,1,210.24695064,1
3857,0.4984324,0.48357767,0.5999722,0.49132245,0.640848,11.85649274,11.90195253,1,1,210.24695064,1
3858,0.48623982,0.47466873,0.6079587,0.4823403,0.6475956,11.8956506,11.928292,1,1,210.24695064,1
3859,0.48635351,0.47539045,0.60815499,0.50823935,0.66173603,11.98278077,12.0719404,1,1,210.24695064,1
3860,0.45868285,0.50150917,0.63542849,0.53075291,0.67850088,12.05856037,12.14494029,1,1,210.24695064,1
3861,0.45275436,0.49495478,0.60179957,0.57012936,0.69492456,12.08010318,12.09790532,1,1,210.24695064,1
3862,0.4656075,0.50522294,0.5982033,0.60872643,0.68094611,12.02504988,12.06069911,1,1,210.24695064,1
3863,0.47581829,0.48799183,0.60209943,0.56658213,0.69732663,12.08134365,12.13987233,1,1,210.24695064,1
3864,0.49116981,0.48028215,0.58130295,0.60515727,0.7133801,12.12315831,12.19800102,1,1,210.24695064,1
3865,0.51038511,0.48128279,0.57776967,0.56305415,0.68947503,12.06834902,12.13279442,1,1,210.24695064,1
3866,0.51106317,0.48323235,0.57797961,0.5219497,0.7056657,12.28462403,12.40195338,1,1,210.24695064,1
3867,0.56643929,0.46444488,0.5947075,0.56151069,0.68155239,11.88411555,11.95823711,1,1,210.24695064,1
3868,0.55934794,0.47269693,0.57052305,0.52028048,0.69686295,11.91133412,11.93630968,1,1,210.24695064,1
3869,0.54601852,0.48791514,0.54425464,0.48251833,0.67292582,11.71603273,11.75093614,1,1,210.24695064,1
3870,0.52520086,0.49627662,0.55585737,0.44286904,0.6894673,12.35474778,12.45353967,1,1,210.24695064,1
3871,0.52482097,0.49794764,0.55582027,0.48400508,0.6942525,12.05357009,12.12705783,1,1,210.24695064,1
3872,0.50159523,0.47947557,0.55771613,0.44432743,0.70528527,12.1406587,12.22969288,1,1,210.24695064,1
3873,0.51249156,0.46703074,0.57059865,0.41057292,0.69689177,12.13135896,12.22525028,1,1,210.24695064,1
3874,0.49193138,0.47305785,0.55304792,0.45235719,0.67295393,11.66644077,11.70073358,1,1,210.24695064,1
3875,0.49561328,0.46417412,0.536209,0.41331089,0.6494949,12.03511572,12.05485353,1,1,210.24695064,1
3876,0.49014375,0.45829128,0.52864065,0.38132599,0.6265496,12.1082328,12.14659667,1,1,210.24695064,1
3877,0.49010586,0.45694184,0.52849111,0.42369933,0.60402364,12.17431967,12.26134145,1,1,210.24695064,1
3878,0.52525432,0.48897981,0.55290265,0.45060759,0.62193754,11.68370598,11.7355801,1,1,210.24695064,1
3879,0.53031787,0.49462151,0.55042686,0.49159544,0.59949879,11.80891292,11.84538935,1,1,210.24695064,1
3880,0.53709741,0.49863651,0.55724279,0.5317626,0.61750643,12.48596501,12.53603502,1,1,210.24695064,1
3881,0.5364881,0.5012112,0.54859474,0.57112735,0.63447543,12.20559534,12.26050507,1,1,210.24695064,1
3882,0.53186314,0.50464802,0.55164854,0.6078697,0.61178593,12.03710702,12.07337416,1,1,210.24695064,1
3883,0.54685579,0.51407151,0.53985563,0.56941647,0.58955023,12.13506154,12.15996564,1,1,210.24695064,1
3884,0.52741644,0.51341561,0.53953367,0.60745445,0.57472202,12.13808525,12.23168967,1,1,210.24695064,1
3885,0.52703015,0.51676823,0.53931028,0.56541257,0.56813061,12.3864848,12.40856052,1,1,210.24695064,1
3886,0.59775084,0.51726437,0.55925737,0.58139438,0.54676826,12.0108475,12.05058523,1,1,210.24695064,1
3887,0.56386776,0.5202065,0.55401851,0.53976651,0.52583289,12.08803736,12.14428419,1,1,210.24695064,1
3888,0.57201155,0.53761766,0.55107459,0.57800029,0.5053164,11.69516051,11.75839804,1,1,210.24695064,1
3889,0.56936732,0.54039489,0.53727249,0.53644028,0.48521007,12.08711624,12.13976778,1,1,210.24695064,1
3890,0.54200889,0.54422456,0.53528351,0.49571155,0.50550295,11.48840204,11.5548941,1,1,210.24695064,1
3891,0.54188661,0.54608355,0.53562535,0.53579052,0.5230585,12.4015646,12.45378419,1,1,210.24695064,1
3892,0.59945484,0.55030196,0.54402318,0.49507472,0.50259966,12.03242752,12.13197409,1,1,210.24695064,1
3893,0.61153071,0.56148888,0.5644984,0.4553285,0.48379839,12.06385464,12.13433589,1,1,210.24695064,1
3894,0.59302153,0.56401593,0.5401646,0.42618388,0.503431,11.82285284,11.9201884,1,1,210.24695064,1
3895,0.59634047,0.56999122,0.56036932,0.45328019,0.52320402,12.22920199,12.30576657,1,1,210.24695064,1
3896,0.59602629,0.59043301,0.5525514,0.41421459,0.54273811,11.81316216,11.81869697,1,1,210.24695064,1
3897,0.5828375,0.58965173,0.55973885,0.38412536,0.52188335,11.91388727,11.98349791,1,1,210.24695064,1
3898,0.57852399,0.5885787,0.56173624,0.42644285,0.54144564,12.35934391,12.42307643,1,1,210.24695064,1
3899,0.5786223,0.58783533,0.56179001,0.45825986,0.52061673,11.86846846,11.89990962,1,1,210.24695064,1
3900,0.52907247,0.57344626,0.5626592,0.4193821,0.54020438,12.22720325,12.23382541,1,1,210.24695064,1
3901,0.53910638,0.56682087,0.56548709,0.38952408,0.55940005,12.59120374,12.62410793,1,1,210.24695064,1
3902,0.53761822,0.54495574,0.58177949,0.35173365,0.54014302,12.57283803,12.58867283,1,1,210.24695064,1
3903,0.52692191,0.54501809,0.58474414,0.39454511,0.51938492,11.76081989,11.81883084,1,1,210.24695064,1
3904,0.54010236,0.54622836,0.58794302,0.43661744,0.49899722,11.7001961,11.73792864,1,1,210.24695064,1
3905,0.52107457,0.53771128,0.57910285,0.47752699,0.51901509,11.91725878,11.98055321,1,1,210.24695064,1
3906,0.53472489,0.52786829,0.58470424,0.51791386,0.53786299,12.45331019,12.49622359,1,1,210.24695064,1
3907,0.51111363,0.51284929,0.56009818,0.54953709,0.51717046,12.10643422,12.12705353,1,1,210.24695064,1
3908,0.5349654,0.52104978,0.56056606,0.50854637,0.53682703,12.11894352,12.14071721,1,1,210.24695064,1
3909,0.5352619,0.51924322,0.56040142,0.54837478,0.51611078,11.86205274,11.97067219,1,1,210.24695064,1
3910,0.495475,0.5006146,0.58263542,0.50740731,0.5272782,11.74816089,11.75334377,1,1,210.24695064,1
3911,0.49655656,0.51539177,0.58193972,0.54725916,0.50673274,12.12431355,12.14159549,1,1,210.24695064,1
3912,0.50261629,0.49691483,0.55703469,0.5863088,0.48680257,11.92135162,12.03819471,1,1,210.24695064,1
3913,0.50993005,0.50346923,0.55674525,0.62457853,0.46721552,11.9409017,12.04973024,1,1,210.24695064,1
3914,0.48724752,0.46934412,0.58526425,0.65133864,0.45162391,12.40478909,12.51336921,1,1,210.24695064,1
3915,0.4989679,0.48010022,0.56804676,0.68831187,0.4721638,12.00883855,12.08914966,1,1,210.24695064,1
3916,0.50298074,0.47570262,0.57588613,0.72454352,0.48741215,12.05689997,12.15179289,1,1,210.24695064,1
3917,0.50268747,0.4777381,0.57548703,0.71664616,0.50766391,11.67888324,11.72195806,1,1,210.24695064,1
3918,0.47191106,0.44560631,0.57617653,0.75231324,0.52751063,11.89767671,11.94814984,1,1,210.24695064,1
3919,0.4626668,0.46501263,0.58439618,0.78696466,0.53239327,11.90981592,12.0099023,1,1,210.24695064,1
3920,0.47472588,0.43910653,0.58011622,0.82037452,0.5508537,11.60600014,11.70130362,1,1,210.24695064,1
3921,0.46513399,0.43981694,0.57829658,0.77396806,0.56983663,11.81619271,11.91231147,1,1,210.24695064,1
3922,0.46321292,0.45431545,0.54928025,0.80845125,0.55554639,11.97400449,11.97465795,1,1,210.24695064,1
3923,0.4627679,0.45272775,0.54900188,0.84217366,0.57437562,11.89626536,11.90090397,1,1,210.24695064,1
3924,0.46958074,0.52603411,0.57410973,0.87132803,0.59280256,12.37920357,12.41752245,1,1,210.24695064,1
3925,0.47696883,0.50923264,0.54294147,0.82394776,0.61090914,12.06729719,12.16684218,1,1,210.24695064,1
3926,0.47931698,0.5200226,0.53849939,0.77753992,0.62843048,12.57269672,12.57402153,1,1,210.24695064,1
3927,0.49781208,0.49583107,0.55388905,0.81198912,0.60586187,11.94864019,12.01672711,1,1,210.24695064,1
3928,0.49723766,0.48351291,0.54725498,0.76575011,0.59878619,11.80848255,11.88399051,1,1,210.24695064,1
3929,0.49697579,0.48539151,0.54719237,0.72043976,0.57681153,11.9061581,12.01278263,1,1,210.24695064,1
3930,0.48329456,0.49478978,0.55588491,0.75598677,0.59527464,12.04712132,12.13917472,1,1,210.24695064,1
3931,0.47528469,0.49517251,0.55438322,0.79086657,0.60434847,12.27103949,12.35977088,1,1,210.24695064,1
3932,0.49285553,0.48355684,0.54954983,0.74504924,0.60206842,11.84340603,11.93742142,1,1,210.24695064,1
3933,0.49543051,0.4679628,0.56765956,0.75530835,0.61912803,11.94654047,11.99940205,1,1,210.24695064,1
3934,0.48052178,0.45806606,0.55872136,0.78650534,0.63674547,12.29950426,12.42208234,1,1,210.24695064,1
3935,0.4829979,0.4660854,0.55411666,0.77706804,0.65313443,12.21239764,12.30973927,1,1,210.24695064,1
3936,0.482484,0.46828668,0.55449111,0.73548667,0.63104808,12.02118654,12.0674891,1,1,210.24695064,1
3937,0.53064728,0.50413734,0.56504755,0.69416274,0.60842755,11.8050537,11.91407199,1,1,210.24695064,1
3938,0.51992227,0.49836748,0.5683767,0.65029416,0.58625903,12.03262603,12.139386,1,1,210.24695064,1
3939,0.5238816,0.50222094,0.56397603,0.62444074,0.60430428,12.33533246,12.39554227,1,1,210.24695064,1
3940,0.53154907,0.50724404,0.55142307,0.58196602,0.62221146,12.40707955,12.52335293,1,1,210.24695064,1
3941,0.52664207,0.53094273,0.56295514,0.5403524,0.59990919,12.22295566,12.305847,1,1,210.24695064,1
3942,0.54356847,0.5214572,0.5637458,0.57954535,0.60418218,11.94034167,11.98009163,1,1,210.24695064,1
3943,0.54361522,0.51808566,0.56392569,0.61795178,0.58212229,11.82834072,11.89565038,1,1,210.24695064,1
3944,0.60055218,0.51041893,0.59102541,0.5835465,0.56047984,11.95080642,11.99886012,1,1,210.24695064,1
3945,0.59980831,0.53468401,0.57592441,0.54187747,0.53927155,11.98999726,12.03476497,1,1,210.24695064,1
3946,0.58551119,0.54476784,0.59158526,0.58103988,0.55848475,12.02644256,12.03738259,1,1,210.24695064,1
3947,0.58045462,0.55503243,0.57421196,0.53941908,0.53731506,11.65077341,11.76423225,1,1,210.24695064,1
3948,0.56497541,0.55452107,0.58253036,0.49863098,0.54331909,12.12925194,12.1916897,1,1,210.24695064,1
3949,0.54385584,0.55371876,0.57490562,0.45939971,0.52245287,11.98136344,12.02960643,1,1,210.24695064,1
3950,0.54372533,0.55385727,0.57531634,0.42021172,0.54161471,12.20472521,12.31614111,1,1,210.24695064,1
3951,0.4861108,0.53769574,0.58548386,0.46171573,0.56073424,12.01603597,12.09855663,1,1,210.24695064,1
3952,0.50908718,0.52598319,0.59351383,0.42248151,0.57951956,12.24727686,12.29406991,1,1,210.24695064,1
3953,0.48852457,0.53374106,0.57851928,0.46402727,0.55799558,12.06323993,12.06387111,1,1,210.24695064,1
3954,0.50345989,0.5317859,0.57802228,0.42486532,0.57683567,11.96586948,12.00227517,1,1,210.24695064,1
3955,0.48736712,0.51272791,0.57811006,0.4377703,0.55530149,11.99399187,11.99695706,1,1,210.24695064,1
3956,0.50811349,0.5108431,0.56562505,0.47872106,0.57419542,12.10898106,12.16624136,1,1,210.24695064,1
3957,0.48765027,0.4872524,0.56993157,0.44012303,0.55271151,12.13311351,12.21588397,1,1,210.24695064,1
3958,0.50764776,0.50068393,0.58837655,0.48131705,0.53165729,12.21153545,12.26346086,1,1,210.24695064,1
3959,0.50826121,0.50304816,0.58874272,0.52096844,0.51102414,12.06640931,12.07077798,1,1,210.24695064,1
3960,0.55893892,0.50046521,0.59604616,0.48055064,0.53080359,11.92197655,11.95304819,1,1,210.24695064,1
3961,0.53612538,0.52299225,0.58764586,0.44093963,0.55018709,11.80306219,11.87385238,1,1,210.24695064,1
3962,0.54424088,0.5141225,0.59442385,0.48198197,0.5298161,11.92565428,11.97129908,1,1,210.24695064,1
3963,0.52258449,0.525194,0.58069473,0.52234195,0.50921978,12.03767745,12.05903435,1,1,210.24695064,1
3964,0.53088518,0.53746464,0.56065972,0.48196933,0.48929922,11.79704774,11.89406459,1,1,210.24695064,1
3965,0.53010085,0.53721116,0.56045328,0.52232994,0.50932353,12.18165711,12.19602129,1,1,210.24695064,1
3966,0.4927744,0.53472684,0.590932,0.48188341,0.52913706,12.05597578,12.1448036,1,1,210.24695064,1
3967,0.48618346,0.51721597,0.58795684,0.44224795,0.54293805,11.91287566,11.98814486,1,1,210.24695064,1
3968,0.48789531,0.5192024,0.55898294,0.40340436,0.54911294,12.0973532,12.16448297,1,1,210.24695064,1
3969,0.50897352,0.51265598,0.56054106,0.37214478,0.52813096,11.75950283,11.77488479,1,1,210.24695064,1
3970,0.50730184,0.52329109,0.57458783,0.33470193,0.50758589,11.87017148,11.9481885,1,1,210.24695064,1
3971,0.4995039,0.49749848,0.56115093,0.29800883,0.48804588,12.21349274,12.21559957,1,1,210.24695064,1
3972,0.49939917,0.49769087,0.56114719,0.34204841,0.47551267,12.30049475,12.30147085,1,1,210.24695064,1
3973,0.49153514,0.52646623,0.5736442,0.38520744,0.45601361,12.03904624,12.0962144,1,1,210.24695064,1
3974,0.47620896,0.51347244,0.56225694,0.34750329,0.4405545,12.01317239,12.12451265,1,1,210.24695064,1
3975,0.47582025,0.4879856,0.55497324,0.39055322,0.42174357,11.57292342,11.60984452,1,1,210.24695064,1
3976,0.49205037,0.48453728,0.56552107,0.35371531,0.4033087,11.90073763,12.01074652,1,1,210.24695064,1
3977,0.50441005,0.49958736,0.56301349,0.396641,0.42512858,11.92111314,12.03137308,1,1,210.24695064,1
3978,0.50458042,0.49895544,0.56299072,0.35871509,0.40663767,12.22872073,12.23260476,1,1,210.24695064,1
3979,0.57830901,0.50130046,0.59146532,0.32162323,0.42850491,12.04609131,12.14399862,1,1,210.24695064,1
3980,0.58020452,0.50790943,0.577847,0.28519823,0.41555211,12.02879301,12.04992315,1,1,210.24695064,1
3981,0.55747294,0.53233699,0.58144966,0.24949428,0.43718012,12.04194788,12.04746768,1,1,210.24695064,1
3982,0.54723498,0.528265,0.58685064,0.29450429,0.45802359,11.72877635,11.83515597,1,1,210.24695064,1
3983,0.55498576,0.53807068,0.55879944,0.33861354,0.47877136,12.08074517,12.19658404,1,1,210.24695064,1
3984,0.54671546,0.55186852,0.57487697,0.3818399,0.4592008,11.78084809,11.86966659,1,1,210.24695064,1
3985,0.55835978,0.57729023,0.57618535,0.38515516,0.4580174,11.83583254,11.90882851,1,1,210.24695064,1
3986,0.55849495,0.57744823,0.57639968,0.4197799,0.43885817,12.06582595,12.11226043,1,1,210.24695064,1
3987,0.57984342,0.5211155,0.5755878,0.46007069,0.46007161,12.29538386,12.35449838,1,1,210.24695064,1
3988,0.54257998,0.53079965,0.58762978,0.49636306,0.48049376,12.01210908,12.02879312,1,1,210.24695064,1
3989,0.52931971,0.55408566,0.57889758,0.45644955,0.48934638,11.78391463,11.84472263,1,1,210.24695064,1
3990,0.53558316,0.53876963,0.56623894,0.49731966,0.50955878,12.08689531,12.14030615,1,1,210.24695064,1
3991,0.52528232,0.558558,0.59327587,0.53737271,0.52917727,12.09852731,12.11426563,1,1,210.24695064,1
3992,0.51556074,0.57263478,0.57060702,0.57662488,0.54859371,12.20360628,12.30692523,1,1,210.24695064,1
3993,0.5156199,0.57082829,0.57082852,0.5353487,0.52762217,11.9981349,12.08359003,1,1,210.24695064,1
3994,0.48356147,0.5540347,0.59236721,0.49910232,0.50707583,12.08850325,12.20123142,1,1,210.24695064,1
3995,0.4819237,0.54421771,0.57536208,0.45912057,0.5269343,12.17858018,12.28947312,1,1,210.24695064,1
3996,0.48961391,0.55904006,0.57891758,0.44589173,0.54639512,12.17348612,12.28530601,1,1,210.24695064,1
3997,0.47726891,0.52610092,0.58791459,0.48697385,0.52546722,12.23623291,12.25142114,1,1,210.24695064,1
3998,0.4785195,0.53423745,0.56417575,0.52345814,0.54495788,11.94770691,12.03420688,1,1,210.24695064,1
3999,0.49479761,0.54636372,0.56051046,0.53237913,0.55587809,12.03363961,12.06182803,1,1,210.24695064,1
4000,0.49480567,0.54576373,0.56041834,0.57172009,0.57475407,11.95023337,12.05495159,1,1,210.24695064,1
4001,0.5333715,0.63136829,0.57756422,0.60883159,0.55325899,11.85533247,11.96134079,1,1,210.24695064,1
4002,0.53716167,0.62377423,0.57295373,0.57617142,0.56969539,12.00173734,12.11609452,1,1,210.24695064,1
4003,0.53724614,0.59641127,0.53699824,0.61464743,0.54830148,12.11397531,12.17810514,1,1,210.24695064,1
4004,0.53857079,0.59852641,0.54855724,0.61502927,0.56733545,11.9522341,12.05415589,1,1,210.24695064,1
4005,0.54346468,0.6101909,0.52718793,0.57272869,0.54599331,12.05112879,12.06189727,1,1,210.24695064,1
4006,0.54344253,0.61021244,0.52724419,0.57609296,0.55555894,11.75127538,11.80186481,1,1,210.24695064,1
4007,0.50352574,0.58351327,0.54452705,0.53457775,0.56894741,11.86476033,11.94927808,1,1,210.24695064,1
4008,0.50638961,0.59809049,0.55272043,0.57388617,0.57631678,11.95283951,11.97550376,1,1,210.24695064,1
4009,0.49418289,0.57936243,0.55518706,0.538845,0.56203796,11.37957914,11.3874217,1,1,210.24695064,1
4010,0.4959069,0.55662049,0.54063151,0.49848864,0.54079721,11.98421348,12.09170756,1,1,210.24695064,1
4011,0.49780138,0.57016217,0.54709294,0.4585935,0.55488228,12.18601858,12.25112043,1,1,210.24695064,1
4012,0.50158778,0.57167206,0.52495155,0.49942161,0.5357432,12.27547018,12.36595192,1,1,210.24695064,1
4013,0.51300477,0.54613721,0.52679571,0.53714578,0.51502834,11.69527706,11.69691758,1,1,210.24695064,1
4014,0.51286927,0.5444072,0.52705961,0.49640484,0.53472777,11.99779138,12.03043036,1,1,210.24695064,1
4015,0.50661281,0.51537505,0.55191767,0.53072245,0.55400464,11.89296231,11.9639642,1,1,210.24695064,1
4016,0.49962193,0.51361084,0.53364975,0.570108,0.57292447,12.11624595,12.15515337,1,1,210.24695064,1
4017,0.47890084,0.5171803,0.53537288,0.60832022,0.58401424,11.91582212,12.02515041,1,1,210.24695064,1
4018,0.47845775,0.5179396,0.52018953,0.59377228,0.60233386,11.82382381,11.82474025,1,1,210.24695064,1
4019,0.47827293,0.51830166,0.5201172,0.55189687,0.58028743,12.21696586,12.27116459,1,1,210.24695064,1
4020,0.46888308,0.58060834,0.54740944,0.58827456,0.5587135,12.11490043,12.16038598,1,1,210.24695064,1
4021,0.47714208,0.57370575,0.52746083,0.54650908,0.57753559,11.79956861,11.85696931,1,1,210.24695064,1
4022,0.49750339,0.56856273,0.51412572,0.58557866,0.59596333,12.39989872,12.44194303,1,1,210.24695064,1
4023,0.49911657,0.54820677,0.53305774,0.55475354,0.57728858,11.57599462,11.674294,1,1,210.24695064,1
4024,0.49900317,0.54652158,0.53292085,0.59365847,0.5957153,11.8573255,11.96915808,1,1,210.24695064,1
4025,0.4519944,0.56732909,0.53510563,0.63178021,0.61380099,12.10809187,12.16433915,1,1,210.24695064,1
4026,0.45140747,0.53464268,0.54156831,0.58914464,0.59157428,12.217736,12.32049305,1,1,210.24695064,1
4027,0.45796734,0.54554665,0.5326735,0.62736131,0.56974282,11.95260737,11.98308668,1,1,210.24695064,1
4028,0.46233967,0.53530797,0.5350443,0.58491963,0.58720783,11.66836175,11.777973,1,1,210.24695064,1
4029,0.47514285,0.54359744,0.55710176,0.62322124,0.60546364,12.20275222,12.22128484,1,1,210.24695064,1
4030,0.47550307,0.54204579,0.5573803,0.5988953,0.58408139,12.03809288,12.04682024,1,1,210.24695064,1
4031,0.44228837,0.59341497,0.5800043,0.63685827,0.56810964,12.00314699,12.05232957,1,1,210.24695064,1
4032,0.45548581,0.58191826,0.56802919,0.63532822,0.58674713,11.87662778,11.88711591,1,1,210.24695064,1
4033,0.44953375,0.54857727,0.57434839,0.59262275,0.56767182,11.87773658,11.96619474,1,1,210.24695064,1
4034,0.45277037,0.55395042,0.55343367,0.5508095,0.58630851,12.243134,12.2819165,1,1,210.24695064,1
4035,0.4710709,0.53953267,0.55658559,0.58975438,0.60458098,12.14530123,12.21703477,1,1,210.24695064,1
4036,0.46613281,0.53943654,0.57361399,0.62737871,0.58248936,11.91446198,11.91746202,1,1,210.24695064,1
4037,0.46636418,0.53808129,0.57346028,0.66483113,0.56083957,12.0250444,12.05442455,1,1,210.24695064,1
4038,0.46010441,0.58228442,0.57854484,0.64217186,0.53962282,12.03030351,12.0917394,1,1,210.24695064,1
4039,0.44600395,0.57104905,0.58256086,0.59932842,0.51883036,11.86267895,11.90297387,1,1,210.24695064,1
4040,0.47038191,0.5807136,0.58643628,0.55872662,0.5339359,12.28083802,12.28550272,1,1,210.24695064,1
4041,0.47244319,0.57184471,0.59027386,0.59533283,0.55325703,11.98518567,12.05087132,1,1,210.24695064,1
4042,0.49148628,0.56523256,0.56746255,0.63299124,0.57040993,12.11596564,12.1423788,1,1,210.24695064,1
4043,0.49918052,0.55301867,0.57209101,0.67027487,0.54900173,11.95146773,12.03948998,1,1,210.24695064,1
4044,0.49924289,0.55012025,0.57205611,0.70686427,0.5294412,12.10961917,12.17034775,1,1,210.24695064,1
4045,0.46316164,0.54771085,0.58725555,0.6627297,0.54885238,12.14512586,12.15753405,1,1,210.24695064,1
4046,0.46033101,0.54177002,0.59626906,0.69947495,0.52787687,11.98907436,11.98945643,1,1,210.24695064,1
4047,0.47289756,0.53346504,0.59663475,0.65549352,0.5073253,11.86535046,11.9389536,1,1,210.24695064,1
4048,0.48484401,0.53535949,0.57486876,0.61243136,0.48717879,11.67983016,11.72767237,1,1,210.24695064,1
4049,0.47988045,0.51987937,0.58861983,0.65018273,0.467614,11.80326272,11.81172178,1,1,210.24695064,1
4050,0.48511685,0.51863276,0.57740865,0.60717908,0.48826163,12.33554152,12.41549563,1,1,210.24695064,1
4051,0.48503422,0.51433267,0.57712326,0.56503813,0.50828496,12.11808565,12.21423677,1,1,210.24695064,1
4052,0.4826543,0.57822456,0.5743112,0.60055332,0.52809845,12.12176444,12.23015116,1,1,210.24695064,1
4053,0.48816063,0.55954298,0.58059341,0.55854353,0.54449942,11.97733258,12.04164234,1,1,210.24695064,1
4054,0.51582493,0.55280564,0.58105437,0.52052113,0.52361039,12.19558147,12.25448733,1,1,210.24695064,1
4055,0.51282086,0.55132878,0.55086616,0.48011071,0.54178446,12.15608547,12.23882289,1,1,210.24695064,1
4056,0.51916587,0.54427418,0.55893656,0.48202649,0.55972106,11.52771797,11.55959896,1,1,210.24695064,1
4057,0.51948618,0.5430413,0.55886175,0.44253076,0.53853226,12.19914753,12.30555796,1,1,210.24695064,1
4058,0.47980676,0.54985643,0.58738578,0.40472841,0.51776164,12.15334418,12.22607165,1,1,210.24695064,1
4059,0.48040665,0.53481855,0.58157544,0.36663478,0.51476537,11.79602105,11.82539124,1,1,210.24695064,1
4060,0.4957249,0.51474283,0.58057052,0.40930205,0.4961149,11.74978383,11.85411132,1,1,210.24695064,1
4061,0.48295644,0.51255402,0.57158786,0.45111182,0.476387,11.76821514,11.86811457,1,1,210.24695064,1
4062,0.49249135,0.49929157,0.5790725,0.49208958,0.47363907,12.30083397,12.41937051,1,1,210.24695064,1
4063,0.48164961,0.51363468,0.57354834,0.53215187,0.45416632,12.06685875,12.15715195,1,1,210.24695064,1
4064,0.4819181,0.50787696,0.5739861,0.49151352,0.47508299,11.95103768,12.06127581,1,1,210.24695064,1
4065,0.52735533,0.4751556,0.56441325,0.53160277,0.45670211,11.90013439,11.91914932,1,1,210.24695064,1
4066,0.52259781,0.4885957,0.58389636,0.5651146,0.47611523,12.24001055,12.24770587,1,1,210.24695064,1
4067,0.51389139,0.52396496,0.55928992,0.6038123,0.49659293,12.52973811,12.62732972,1,1,210.24695064,1
4068,0.48558465,0.52428024,0.53628612,0.64173604,0.47666819,12.14705774,12.2265431,1,1,210.24695064,1
4069,0.50162013,0.53389565,0.53875042,0.67888095,0.45713533,11.89458709,11.99550149,1,1,210.24695064,1
4070,0.50171003,0.53451563,0.53915217,0.63543794,0.4779926,11.76938729,11.87835058,1,1,210.24695064,1
4071,0.46931815,0.51284953,0.55099861,0.59275567,0.49750059,11.43632328,11.44588891,1,1,210.24695064,1
4072,0.48790235,0.52875369,0.55234197,0.47090276,0.55564541,11.87195954,11.91393946,1,1,210.24695064,0
4073,0.48002251,0.5211875,0.54845241,0.36709378,0.61622699,11.94828225,11.95473193,1,1,210.24695064,0
4074,0.46325295,0.51096336,0.54490278,0.2497528,0.63855479,11.61643443,11.71813931,1,1,210.24695064,0
4075,0.49025169,0.51948769,0.53985941,0.13475775,0.58569586,11.998006,12.01817908,1,1,210.24695064,0
4076,0.49007692,0.51894196,0.53995919,0.26205944,0.5330022,11.84247372,11.85789878,1,1,210.24695064,0
4077,0.44130703,0.52170719,0.50666964,0.34770985,0.59758429,12.1262988,12.20870161,1,1,210.24695064,0
4078,0.36736947,0.5918314,0.46661873,0.46384714,0.54063241,12.01051219,12.0316614,1,1,210.24695064,0
4079,0.28186883,0.63038655,0.39885692,0.58454996,0.50524158,11.89252573,11.93243845,1,1,210.24695064,0
4080,0.23233431,0.66837122,0.38729916,0.4646184,0.56321219,12.05907909,12.1050779,1,1,210.24695064,0
4081,0.23250397,0.67056047,0.38707333,0.58532312,0.62391938,11.91173879,11.99864727,1,1,210.24695064,0
4082,0.26269536,0.70468834,0.44448988,0.46375964,0.5622209,11.6885403,11.78688227,1,1,210.24695064,0
4083,0.32303512,0.63396412,0.48415479,0.58448444,0.50457443,11.76869317,11.7806252,1,1,210.24695064,0
4084,0.40864144,0.5795771,0.53073159,0.70273792,0.56288327,12.38117773,12.39704942,1,1,210.24695064,0
4085,0.48833419,0.49324466,0.58313847,0.81868316,0.49892899,11.99647977,12.03498741,1,1,210.24695064,0
4086,0.54425451,0.42983909,0.611175,0.93230755,0.4558062,12.31668744,12.39738481,1,1,210.24695064,0
4087,0.59586926,0.39269206,0.65198652,0.80366189,0.50716004,12.12624075,12.1269276,1,1,210.24695064,0
4088,0.59552727,0.3919889,0.65190466,0.80487208,0.56056212,11.99300743,12.09143091,1,1,210.24695064,0
4089,0.53565153,0.32597031,0.25204954,0.91847632,0.6051085,11.92937673,12.02022823,1,1,210.24695064,0
4090,0.44080087,0.35677142,0.82492447,1,0.65673897,11.82877191,11.87950825,1,1,210.24695064,0
4091,0.31221625,0.372403,0.27469193,1,0.70673843,12.32229109,12.44487546,1,1,210.24695064,0
4092,0.22953328,0.3966864,0.80945192,0.87,0.75541861,11.7556624,11.76408141,1,1,210.24695064,0
4093,0.16316319,0.40700649,0.54935903,0.88594897,0.80558746,12.12817983,12.18455584,1,1,210.24695064,0
4094,0.1631615,0.40473948,0.54956076,0.77256548,0.84315786,12.1434203,12.20746782,1,1,210.24695064,0
4095,0.27710775,0.49436712,0.54481005,0.88711114,0.89770655,12.04320493,12.12839798,1,1,210.24695064,0
4096,0.35213268,0.5068227,0.56118044,0.78850435,0.82996433,12.06282003,12.08221008,1,1,210.24695064,0
4097,0.485949,0.5433941,0.53829498,0.90273426,0.87983473,11.90790891,11.91440198,1,1,210.24695064,0
4098,0.58194657,0.54294192,0.54205718,1,0.93178004,12.10008458,12.14511102,1,1,210.24695064,0
4099,0.66832767,0.56871813,0.51370006,1,0.94721105,11.86671976,11.87258658,1,1,210.24695064,0
4100,0.7381199,0.58383665,0.53528455,1,0.87721105,12.18571332,12.25947061,1,1,210.24695064,0
4101,0.73821368,0.58441731,0.53485558,1,0.91259418,11.83043961,11.86996277,1,1,210.24695064,0
4102,0.63509098,0.50722167,0.55004709,0.87000008,0.85571878,11.91714306,12.02408525,1,1,210.24695064,0
4103,0.59183115,0.46817529,0.53201053,0.9825952,0.90831878,11.63765816,11.65094001,1,1,210.24695064,0
4104,0.49787504,0.42569983,0.51585496,0.86102238,0.83937786,11.88690104,11.96543442,1,1,210.24695064,0
4105,0.40081471,0.37986517,0.52186573,0.97304916,0.8911462,12.53101223,12.54941991,1,1,210.24695064,0
4106,0.32107807,0.3328413,0.5056643,0.85894636,0.84196301,11.96370094,11.97233069,1,1,210.24695064,0
4107,0.26986076,0.32386279,0.51170375,0.87279252,0.89476774,11.83687696,11.88243118,1,1,210.24695064,0
4108,0.26990267,0.32070828,0.51146385,0.74534719,0.94723732,11.92400443,12.03478924,1,1,210.24695064,0
4109,0.38005262,0.43442333,0.51430881,0.66369992,1,11.98402492,12.07093507,1,1,210.24695064,0
4110,0.40906673,0.46688349,0.50158946,0.76983895,0.936726,11.6814289,11.73360911,1,1,210.24695064,0
4111,0.49615075,0.55688776,0.49568493,0.80443672,0.90828382,12.22230465,12.31820717,1,1,210.24695064,1
4112,0.5505366,0.61652067,0.49367543,0.75834801,0.88014739,12.00755152,12.09562256,1,1,210.24695064,1
4113,0.60903108,0.6877573,0.47231526,0.79263548,0.89205271,11.77557678,11.85401256,1,1,210.24695064,1
4114,0.6326664,0.71260115,0.4863066,0.75067562,0.86488227,12.45302232,12.47691009,1,1,210.24695064,1
4115,0.63162973,0.71400237,0.48615504,0.70782999,0.87754145,12.14903149,12.15340917,1,1,210.24695064,1
4116,0.60305098,0.69163484,0.50781975,0.66540825,0.86100853,11.60312524,11.66325456,1,1,210.24695064,1
4117,0.61146886,0.68348879,0.50450351,0.69533002,0.87378836,12.05533605,12.1081457,1,1,210.24695064,1
4118,0.59338817,0.67677213,0.50151661,0.73128368,0.8861451,12.2602659,12.32805276,1,1,210.24695064,1
4119,0.60314009,0.68365715,0.50593311,0.68801254,0.87963277,12.20441838,12.31710798,1,1,210.24695064,1
4120,0.58723552,0.64938571,0.50551333,0.72409611,0.89204011,11.96924397,12.02284092,1,1,210.24695064,1
4121,0.59070694,0.67401739,0.48953124,0.75961417,0.90419899,12.29030954,12.30512084,1,1,210.24695064,1
4122,0.57516175,0.64109846,0.50948516,0.79441644,0.87765543,11.85650429,11.93639327,1,1,210.24695064,1
4123,0.5783869,0.65315012,0.50780815,0.82852324,0.89009851,11.98885039,12.06362451,1,1,210.24695064,1
4124,0.572964,0.64669444,0.50162516,0.7977848,0.86362884,11.76376969,11.78175921,1,1,210.24695064,1
4125,0.57276754,0.64453188,0.50165515,0.8318138,0.83635798,11.90425441,11.9307807,1,1,210.24695064,1
4126,0.61886314,0.60143015,0.50420267,0.86517737,0.80969949,12.17440405,12.20169843,1,1,210.24695064,1
4127,0.60529553,0.61783884,0.52277157,0.89683606,0.82285871,11.2762152,11.29586646,1,1,210.24695064,1
4128,0.58244219,0.60901769,0.50894539,0.92889933,0.83640147,12.13381639,12.14082113,1,1,210.24695064,1
4129,0.56500376,0.61876502,0.51306743,0.96032127,0.84964735,12.1449325,12.17998342,1,1,210.24695064,1
4130,0.55001781,0.62523376,0.51049302,0.9911148,0.82265447,11.86532358,11.86734761,1,1,210.24695064,1
4131,0.54842443,0.62852991,0.51014656,1,0.83544592,12.1835263,12.19146204,1,1,210.24695064,1
4132,0.55657887,0.63050896,0.52011006,0.95000174,0.80874195,12.14466422,12.16545633,1,1,210.24695064,1
4133,0.55690376,0.62829509,0.51971577,0.90129198,0.82256619,12.1353908,12.13885684,1,1,210.24695064,1
4134,0.53929559,0.60606287,0.52691833,0.85330521,0.79615508,11.73871279,11.7502779,1,1,210.24695064,1
4135,0.52674844,0.59062227,0.53665228,0.80743651,0.77028014,11.96907731,11.97108673,1,1,210.24695064,1
4136,0.53333382,0.61533279,0.54557061,0.76138876,0.74644124,11.71166582,11.77655317,1,1,210.24695064,1
4137,0.52154437,0.59015238,0.52695826,0.79616098,0.74558119,11.95864072,11.98502939,1,1,210.24695064,1
4138,0.5222421,0.61056812,0.52709598,0.83023776,0.72087244,11.8244816,11.86691392,1,1,210.24695064,1
4139,0.52513234,0.61479821,0.53566361,0.78363301,0.73297944,11.91795567,12.00488266,1,1,210.24695064,1
4140,0.52489122,0.61467247,0.53577323,0.73796142,0.70868121,12.27824538,12.36480157,1,1,210.24695064,1
4141,0.51295234,0.58913866,0.55175615,0.69320234,0.68450764,12.01078984,12.04189028,1,1,210.24695064,1
4142,0.51517866,0.58050348,0.54411021,0.72933829,0.70081742,12.07308025,12.1004862,1,1,210.24695064,1
4143,0.48769957,0.59737844,0.54038999,0.68493517,0.71185695,11.89664789,11.94379425,1,1,210.24695064,1
4144,0.48833926,0.59005883,0.55287147,0.72123646,0.68774263,12.28404715,12.2984603,1,1,210.24695064,1
4145,0.48096588,0.58279145,0.54575919,0.67690744,0.66398778,12.08384404,12.14868979,1,1,210.24695064,1
4146,0.48018063,0.58256491,0.54555633,0.71336926,0.64223979,11.93130274,11.97245043,1,1,210.24695064,1
4147,0.43601037,0.59823397,0.55693353,0.74908884,0.6591565,12.0801148,12.13088501,1,1,210.24695064,1
4148,0.43495847,0.59809118,0.55822641,0.70453105,0.63727619,12.1360813,12.1962312,1,1,210.24695064,1
4149,0.44393777,0.60530884,0.56025134,0.66077288,0.65281949,12.00400419,12.12382691,1,1,210.24695064,1
4150,0.45623522,0.57992069,0.55792306,0.63612075,0.65985737,11.88963542,11.95233449,1,1,210.24695064,1
4151,0.4525968,0.57656748,0.54684281,0.67339483,0.67663886,12.26801996,12.31640475,1,1,210.24695064,1
4152,0.47263428,0.55438441,0.54513472,0.70565747,0.68878322,11.64445056,11.6807107,1,1,210.24695064,1
4153,0.47756565,0.54691636,0.5435453,0.74153419,0.69396857,12.03121333,12.15083152,1,1,210.24695064,1
4154,0.47890359,0.54388443,0.54387232,0.7767035,0.7100892,12.23765127,12.30877612,1,1,210.24695064,1
4155,0.48379783,0.59491406,0.55574115,0.81052928,0.72588739,12.11906161,12.12639648,1,1,210.24695064,1
4156,0.50048275,0.61386398,0.56738194,0.80476776,0.74131354,12.23147425,12.33003088,1,1,210.24695064,1
4157,0.51145706,0.61145124,0.53917213,0.83864629,0.71655083,12.01835044,12.07272872,1,1,210.24695064,1
4158,0.52061632,0.57691762,0.55670533,0.7920845,0.7061458,12.13811357,12.1697665,1,1,210.24695064,1
4159,0.54591743,0.59436718,0.54927139,0.82600056,0.72202288,12.15122116,12.17817775,1,1,210.24695064,1
4160,0.54548674,0.59456314,0.5490224,0.77985199,0.70206729,12.03598208,12.06250368,1,1,210.24695064,1
4161,0.55035599,0.54048387,0.55961494,0.74038641,0.69107613,12.0133136,12.10472137,1,1,210.24695064,1
4162,0.51988144,0.53001236,0.5533449,0.77557868,0.66728914,11.75622692,11.8667699,1,1,210.24695064,1
4163,0.50864637,0.55314342,0.56760988,0.73006711,0.6839201,12.13750628,12.14112927,1,1,210.24695064,1
4164,0.5222007,0.55209893,0.54066207,0.68547336,0.70024162,11.9018407,11.90493907,1,1,210.24695064,1
4165,0.49128888,0.53995113,0.56952634,0.64176389,0.71620115,11.66121628,11.75080781,1,1,210.24695064,1
4166,0.50638105,0.54517487,0.54382614,0.59895587,0.73187698,11.75671577,11.78145143,1,1,210.24695064,1
4167,0.50732475,0.5511766,0.54371739,0.55697684,0.72675129,12.14211798,12.20292215,1,1,210.24695064,1
4168,0.50245018,0.59252093,0.54656969,0.5593127,0.74221626,12.02640882,12.05606798,1,1,210.24695064,1
4169,0.50763763,0.59008693,0.5559748,0.51812669,0.75723889,12.03060877,12.13480727,1,1,210.24695064,1
4170,0.51535996,0.57263969,0.54000056,0.47809161,0.77207869,11.91420486,11.97969308,1,1,210.24695064,1
4171,0.50328655,0.55052093,0.55481462,0.43853936,0.75977842,11.9338519,12.03620637,1,1,210.24695064,1
4172,0.53519804,0.54488476,0.52389289,0.39976859,0.7357504,12.27094768,12.32761057,1,1,210.24695064,1
4173,0.53519655,0.54253137,0.52391683,0.43138361,0.75103129,12.15706757,12.24563151,1,1,210.24695064,1
4174,0.48879174,0.50771654,0.54833997,0.47275495,0.73253763,12.12512143,12.13124063,1,1,210.24695064,1
4175,0.50170675,0.53068465,0.53353403,0.43329985,0.74751423,11.9382242,11.9875717,1,1,210.24695064,1
4176,0.48701771,0.52192738,0.54674236,0.47463385,0.72260129,11.67475589,11.69216115,1,1,210.24695064,1
4177,0.48869689,0.49331874,0.53273622,0.45829767,0.73813351,12.30629254,12.33550067,1,1,210.24695064,1
4178,0.48146144,0.51451465,0.52863759,0.42937052,0.71727494,11.70230586,11.75325195,1,1,210.24695064,1
4179,0.50101013,0.51394659,0.52739184,0.39078386,0.69292944,11.89150028,11.90735202,1,1,210.24695064,1
4180,0.50031001,0.51381157,0.52743332,0.35637761,0.7090656,12.44139364,12.46439735,1,1,210.24695064,1
4181,0.49248947,0.53784227,0.54240842,0.3214549,0.72488153,12.20610459,12.24226321,1,1,210.24695064,1
4182,0.4873563,0.55090849,0.54657071,0.2948269,0.70110944,11.93588091,11.943623,1,1,210.24695064,1
4183,0.49094099,0.54104001,0.5421656,0.32149998,0.71614663,12.07142159,12.17589286,1,1,210.24695064,1
4184,0.49590441,0.52063828,0.54025747,0.36505158,0.69765514,11.75352913,11.85943471,1,1,210.24695064,1
4185,0.49849131,0.52891766,0.52536052,0.40775055,0.67370292,12.23644979,12.26047654,1,1,210.24695064,1
4186,0.49896656,0.52483998,0.52528075,0.37059116,0.65022886,12.00184801,12.00234283,1,1,210.24695064,1
4187,0.48491745,0.53502805,0.53599016,0.33322357,0.62722435,12.237986,12.31344266,1,1,210.24695064,1
4188,0.47606413,0.52104998,0.53318813,0.36993654,0.64467986,12.22641302,12.26796757,1,1,210.24695064,1
4189,0.49827024,0.51177345,0.53569468,0.33253782,0.62178626,12.5081729,12.62307,1,1,210.24695064,1
4190,0.50035972,0.52506984,0.52352201,0.29588707,0.59935053,12.17810848,12.28116836,1,1,210.24695064,1
4191,0.51094959,0.51418498,0.54946536,0.33994351,0.6173635,12.09775341,12.19260595,1,1,210.24695064,1
4192,0.50665034,0.50950479,0.54822481,0.38314222,0.59501623,12.31944458,12.35388996,1,1,210.24695064,1
4193,0.50617519,0.51068572,0.5484472,0.4254789,0.57319045,12.37150918,12.43291302,1,1,210.24695064,1
4194,0.56142357,0.52460845,0.54648088,0.4669358,0.59172653,12.17923086,12.19386429,1,1,210.24695064,1
4195,0.54377704,0.55561082,0.57489041,0.42759744,0.60983357,11.87305407,11.93078561,1,1,210.24695064,1
4196,0.54464949,0.55659538,0.55893125,0.4296281,0.62763681,12.15884713,12.23113571,1,1,210.24695064,1
4197,0.55978146,0.56349783,0.56237506,0.3910356,0.64505872,12.05461701,12.13642256,1,1,210.24695064,1
4198,0.55123063,0.55572622,0.55457147,0.39390715,0.62798659,12.10396587,12.13056518,1,1,210.24695064,1
4199,0.55160921,0.5547884,0.55483628,0.35637417,0.60542708,12.02572899,12.11756419,1,1,210.24695064,1
4200,0.58477565,0.5180858,0.58462626,0.39917397,0.58331854,11.87570874,11.90011085,1,1,210.24695064,1
4201,0.56693103,0.51542991,0.5568505,0.44101118,0.56165232,11.84588871,11.94549545,1,1,210.24695064,1
4202,0.5434184,0.53763847,0.56260564,0.402191,0.58041927,11.77126862,11.82221589,1,1,210.24695064,1
4203,0.53555517,0.55467037,0.54740372,0.36415109,0.59881088,11.96256694,12.02135873,1,1,210.24695064,1
4204,0.50981669,0.56130874,0.57181404,0.40686755,0.57686069,12.14994092,12.15409353,1,1,210.24695064,1
4205,0.5210813,0.53800194,0.5524083,0.3687722,0.59469038,12.00529244,12.01813164,1,1,210.24695064,1
4206,0.52105621,0.53761562,0.55259535,0.33158869,0.61279655,12.38742477,12.39292074,1,1,210.24695064,1
4207,0.56939975,0.53751452,0.55971778,0.37495692,0.61555846,12.05367516,12.13385638,1,1,210.24695064,1
4208,0.56783281,0.54838521,0.57533153,0.38006818,0.59325697,12.02744363,12.06253103,1,1,210.24695064,1
4209,0.57985727,0.55674807,0.53980283,0.34368679,0.57198193,12.14262851,12.18794271,1,1,210.24695064,1
4210,0.56323417,0.54465933,0.53466501,0.38359855,0.59040625,11.94789879,11.96516487,1,1,210.24695064,1
4211,0.56590778,0.55835941,0.55222365,0.34592675,0.5843441,11.74255157,11.79485364,1,1,210.24695064,1
4212,0.56663155,0.55881927,0.55219339,0.38807685,0.56464836,12.10566979,12.11244494,1,1,210.24695064,1
4213,0.59844898,0.55144747,0.55136947,0.42952042,0.54652519,11.51698141,11.59468293,1,1,210.24695064,1
4214,0.58574404,0.54871745,0.58020651,0.46998229,0.56049406,12.2064398,12.28657835,1,1,210.24695064,1
4215,0.57056081,0.57148874,0.56656326,0.43063435,0.57919239,11.95443862,11.99521208,1,1,210.24695064,1
4216,0.54773158,0.55533487,0.54718222,0.45936326,0.57922244,11.68663222,11.76067218,1,1,210.24695064,1
4217,0.55835716,0.57342621,0.56684046,0.42020122,0.55764166,11.85492911,11.92755564,1,1,210.24695064,1
4218,0.55334069,0.56195562,0.56991785,0.45814119,0.57648867,12.18801041,12.29318769,1,1,210.24695064,1
4219,0.55394619,0.56142549,0.56993447,0.41897959,0.55509565,12.00367446,12.04166675,1,1,210.24695064,1
4220,0.54296939,0.53988482,0.59026405,0.38881515,0.57227004,11.9177612,11.9507152,1,1,210.24695064,1
4221,0.52160541,0.55138238,0.5778204,0.43103854,0.59070525,11.9038772,11.98024201,1,1,210.24695064,1
4222,0.52114832,0.5509441,0.59482194,0.45488857,0.60868687,11.66367696,11.75140728,1,1,210.24695064,1
4223,0.53769735,0.52438295,0.570657,0.49579076,0.62641369,12.05474838,12.13776745,1,1,210.24695064,1
4224,0.51233095,0.53194235,0.56446033,0.53586254,0.60389683,12.11842727,12.21496931,1,1,210.24695064,1
4225,0.52003498,0.52247933,0.57295903,0.49514529,0.58181889,11.66393872,11.69760948,1,1,210.24695064,1
4226,0.52073311,0.52908061,0.58423573,0.50944068,0.60018244,12.18697425,12.28548596,1,1,210.24695064,1
4227,0.52083182,0.52959363,0.58445727,0.54897292,0.57961545,12.38981242,12.40593575,1,1,210.24695064,1
4228,0.50060567,0.49179085,0.58807374,0.51582429,0.55802343,12.07098444,12.14399753,1,1,210.24695064,1
4229,0.50191925,0.49835726,0.60311213,0.52988248,0.53789626,12.30350532,12.3501576,1,1,210.24695064,1
4230,0.49551452,0.50469391,0.56083083,0.54170017,0.55713784,11.66403211,11.66704567,1,1,210.24695064,1
4231,0.48975598,0.49826011,0.55285298,0.50086617,0.54013956,12.29813114,12.33400841,1,1,210.24695064,1
4232,0.49026825,0.50109889,0.56118061,0.46085128,0.5193368,11.82480393,11.9044653,1,1,210.24695064,1
4233,0.49117159,0.5005892,0.56102748,0.44495448,0.5029846,11.88325717,11.8839915,1,1,210.24695064,1
4234,0.53953327,0.53546887,0.58658368,0.48605251,0.48292491,12.10681326,12.15616145,1,1,210.24695064,1
4235,0.54228988,0.5156367,0.56121561,0.5183947,0.46326642,12.08830298,12.16325218,1,1,210.24695064,1
4236,0.52798639,0.53380083,0.59057964,0.48240723,0.48400109,11.48808184,11.59407984,1,1,210.24695064,1
4237,0.53913093,0.55157775,0.58706167,0.44275917,0.46432158,11.84362054,11.84461347,1,1,210.24695064,1
4238,0.53794996,0.55117376,0.57244023,0.40442384,0.48502495,12.02187194,12.1294719,1,1,210.24695064,1
4239,0.52729994,0.57263283,0.56331719,0.36693848,0.46756779,12.24324393,12.3289859,1,1,210.24695064,1
4240,0.52697627,0.56479405,0.56356377,0.32959971,0.48821643,12.40035048,12.47494455,1,1,210.24695064,1
4241,0.52648299,0.56148933,0.56314025,0.35842789,0.50819654,11.66959958,11.68296123,1,1,210.24695064,1
4242,0.54860493,0.53345564,0.5740475,0.35080309,0.52732477,11.82830469,11.87355958,1,1,210.24695064,1
4243,0.56551173,0.53253538,0.58841716,0.39378645,0.50677831,12.19503944,12.25369471,1,1,210.24695064,1
4244,0.53163016,0.53708052,0.55934135,0.43591064,0.48664274,12.00707741,12.02638973,1,1,210.24695064,1
4245,0.51507672,0.54693455,0.55770008,0.47706298,0.46691049,12.37335086,12.41031618,1,1,210.24695064,1
4246,0.50810745,0.57631915,0.55416303,0.51752172,0.47684433,12.29538633,12.33998668,1,1,210.24695064,1
4247,0.50758753,0.57384266,0.55397908,0.55717126,0.45732605,11.93102437,11.94876379,1,1,210.24695064,1
4248,0.45992273,0.58376838,0.58140997,0.59602698,0.43817953,11.8479063,11.88833451,1,1,210.24695064,1
4249,0.46003786,0.55283384,0.58292987,0.55414092,0.41941594,11.57615526,11.65833341,1,1,210.24695064,1
4250,0.46809855,0.56560297,0.56922772,0.59208184,0.40102767,11.89683752,11.92722202,1,1,210.24695064,1
4251,0.48813248,0.55104211,0.55573112,0.6302402,0.42267598,12.05838236,12.14852783,1,1,210.24695064,1
4252,0.48455259,0.55073539,0.54361547,0.5876354,0.40425112,12.05203675,12.0882508,1,1,210.24695064,1
4253,0.47724498,0.55724471,0.55060283,0.54590269,0.42380211,12.12718135,12.21670248,1,1,210.24695064,1
4254,0.47731983,0.55349279,0.55046149,0.50498464,0.40561632,12.0726084,12.10271759,1,1,210.24695064,1
4255,0.45675517,0.58543461,0.55599402,0.54271165,0.42657648,11.84828647,11.96212133,1,1,210.24695064,1
4256,0.46205335,0.55316846,0.55981154,0.50192991,0.40823384,12.10848601,12.14598271,1,1,210.24695064,1
4257,0.4782424,0.54259308,0.55483815,0.46189131,0.43006916,12.01160776,12.10197775,1,1,210.24695064,1
4258,0.45925233,0.55515947,0.54403772,0.42273556,0.43921608,12.06755117,12.09518192,1,1,210.24695064,1
4259,0.46455426,0.55081403,0.54573801,0.46427975,0.42043176,11.96429034,12.02368227,1,1,210.24695064,1
4260,0.48549776,0.54414063,0.55160758,0.50496816,0.44202312,11.79676386,11.89624999,1,1,210.24695064,1
4261,0.48504779,0.54444962,0.55122588,0.54486628,0.42322712,11.73474056,11.84553318,1,1,210.24695064,1
4262,0.52756231,0.60168096,0.55446243,0.58396565,0.44476256,11.98018485,12.08179487,1,1,210.24695064,1
4263,0.54154373,0.5813781,0.54565193,0.62222423,0.4259815,11.92468119,11.96998629,1,1,210.24695064,1
4264,0.55633433,0.60267866,0.56802181,0.61793088,0.44746181,12.08846504,12.16961108,1,1,210.24695064,1
4265,0.53153802,0.61929033,0.54220265,0.65557223,0.42867797,11.8344149,11.84268604,1,1,210.24695064,1
4266,0.52727491,0.58961276,0.54142114,0.61249338,0.41017097,11.9970483,12.04420254,1,1,210.24695064,1
4267,0.52739955,0.58967501,0.54137238,0.64788661,0.43196631,12.33562023,12.44071061,1,1,210.24695064,1
4268,0.49935,0.57756543,0.54736439,0.68491025,0.45327484,11.67699883,11.72395845,1,1,210.24695064,1
4269,0.48486474,0.56232096,0.55150496,0.64634694,0.43420934,11.56085571,11.62304538,1,1,210.24695064,1
4270,0.48998588,0.55560399,0.54589783,0.6061039,0.41923491,11.98176802,12.08029811,1,1,210.24695064,1
4271,0.47723719,0.56164424,0.56056187,0.63027519,0.44078773,12.03302172,12.14122785,1,1,210.24695064,1
4272,0.48863299,0.54071644,0.55108327,0.58777276,0.44200705,12.05826788,12.17776906,1,1,210.24695064,1
4273,0.47635923,0.53290068,0.56293049,0.54601983,0.42317017,11.68694767,11.76208304,1,1,210.24695064,1
4274,0.46586142,0.54394754,0.54652229,0.58509943,0.44470676,11.99722574,12.01987312,1,1,210.24695064,1
4275,0.46591295,0.5411414,0.54648436,0.62339029,0.46581262,12.25324223,12.33161319,1,1,210.24695064,1
4276,0.46184282,0.60233588,0.56377935,0.58100707,0.4864949,11.84552055,11.85209866,1,1,210.24695064,1
4277,0.47049173,0.58409602,0.54492737,0.59874891,0.5008954,11.6720604,11.71035758,1,1,210.24695064,1
4278,0.49667939,0.56649396,0.56823199,0.55689785,0.48089752,11.9433839,12.02896827,1,1,210.24695064,1
4279,0.50780448,0.55152652,0.53504407,0.51575989,0.50127957,12.07380717,12.15842369,1,1,210.24695064,1
4280,0.4936421,0.57008232,0.55473031,0.55544469,0.48125421,11.79125094,11.89783141,1,1,210.24695064,1
4281,0.49355013,0.56427333,0.55443973,0.52064817,0.50042724,12.11810194,12.2085102,1,1,210.24695064,1
4282,0.54508237,0.6157586,0.55955933,0.48023521,0.5204187,12.02012441,12.06970978,1,1,210.24695064,1
4283,0.53712946,0.63693124,0.56268991,0.5205945,0.52530431,11.97986222,12.01507816,1,1,210.24695064,1
4284,0.56753805,0.63812469,0.56311559,0.56018261,0.50479822,12.2567539,12.26018425,1,1,210.24695064,1
4285,0.5655805,0.64298419,0.55187343,0.51897896,0.48470226,11.80012796,11.88017748,1,1,210.24695064,1
4286,0.56796707,0.6363006,0.56058905,0.55856741,0.50500821,12.18919702,12.24093747,1,1,210.24695064,1
4287,0.56808239,0.63956721,0.56069879,0.51739607,0.52490805,11.86338376,11.93357704,1,1,210.24695064,1
4288,0.6177478,0.61226535,0.5654721,0.47706022,0.52582869,11.89734362,12.00252237,1,1,210.24695064,1
4289,0.57931192,0.59493528,0.55970363,0.51751833,0.54529012,12.01921635,12.06247984,1,1,210.24695064,1
4290,0.57255452,0.61021169,0.58141982,0.55716788,0.56436329,11.85509201,11.89832884,1,1,210.24695064,1
4291,0.5685239,0.63706659,0.58268755,0.59602441,0.5824432,11.69686048,11.74459035,1,1,210.24695064,1
4292,0.54305517,0.63657352,0.57197252,0.63410392,0.56079434,11.77634919,11.8515291,1,1,210.24695064,1
4293,0.56162155,0.64054127,0.57855753,0.67142184,0.57957845,11.89414181,11.92594435,1,1,210.24695064,1
4294,0.56162649,0.64271934,0.57854334,0.70792195,0.59664439,12.13601333,12.24128077,1,1,210.24695064,1
4295,0.52505011,0.63631414,0.58211946,0.68621934,0.5747115,11.67414569,11.78830734,1,1,210.24695064,1
4296,0.53351232,0.64161613,0.58177592,0.72240431,0.55321727,11.76258652,11.8068483,1,1,210.24695064,1
4297,0.52422361,0.60344464,0.59240433,0.67795657,0.57215292,12.0676329,12.15716959,1,1,210.24695064,1
4298,0.51453632,0.60538764,0.57823771,0.71439744,0.5906714,11.84719979,11.93754713,1,1,210.24695064,1
4299,0.51645149,0.61625107,0.60273965,0.67011577,0.56885797,12.18424638,12.19028956,1,1,210.24695064,1
4300,0.53012543,0.59473899,0.60169218,0.62671345,0.58648519,12.06209935,12.09147806,1,1,210.24695064,1
4301,0.51717508,0.59817725,0.56905505,0.64880135,0.6047533,12.03737121,12.04470802,1,1,210.24695064,1
4302,0.5144068,0.58694337,0.59786485,0.68581169,0.62265823,11.99124115,12.09678961,1,1,210.24695064,1
4303,0.51477161,0.58779542,0.59773281,0.72206993,0.6401652,12.03523981,12.15484867,1,1,210.24695064,1
4304,0.56573334,0.59458138,0.61505662,0.67763568,0.61736701,11.91876493,11.93844794,1,1,210.24695064,1
4305,0.54624464,0.60003374,0.6074428,0.70049323,0.63501962,11.71985115,11.73296793,1,1,210.24695064,1
4306,0.55663148,0.61148593,0.57648082,0.73648334,0.61235485,12.13626963,12.19820832,1,1,210.24695064,1
4307,0.54095922,0.61731113,0.5876592,0.77175366,0.63010775,11.91216749,11.98299038,1,1,210.24695064,1
4308,0.53663153,0.60227215,0.57591346,0.80630449,0.61962752,11.84973857,11.88835629,1,1,210.24695064,1
4309,0.53523627,0.60136387,0.57556864,0.77883872,0.59724957,12.14302282,12.22597309,1,1,210.24695064,1
4310,0.5064748,0.59874932,0.58448851,0.73326875,0.61526274,11.91711083,11.95895231,1,1,210.24695064,1
4311,0.52279125,0.58665009,0.60363754,0.68867807,0.593064,12.20448731,12.21713933,1,1,210.24695064,1
4312,0.49690043,0.57313663,0.59634894,0.64490512,0.57258473,11.83775896,11.86086862,1,1,210.24695064,1
4313,0.50265506,0.57285897,0.59860374,0.6214167,0.59113296,12.03913063,12.05507528,1,1,210.24695064,1
4314,0.50324899,0.55730018,0.58824221,0.65898823,0.56933496,12.1972989,12.23683363,1,1,210.24695064,1
4315,0.5171937,0.58003688,0.59174378,0.6158102,0.58794826,11.86884767,11.87357562,1,1,210.24695064,1
4316,0.51612357,0.57758159,0.59155243,0.60145437,0.60615074,11.82547278,11.83005683,1,1,210.24695064,1
4317,0.47976134,0.58075139,0.60662042,0.63917145,0.62402772,11.59601637,11.64217619,1,1,210.24695064,1
4318,0.48388225,0.57412853,0.61300865,0.6763869,0.64154717,11.81815201,11.82449585,1,1,210.24695064,1
4319,0.47864816,0.54872566,0.58536638,0.6328694,0.6187163,11.84364193,11.95691928,1,1,210.24695064,1
4320,0.49117452,0.53950026,0.57886335,0.5902131,0.63633168,12.11690815,12.12084834,1,1,210.24695064,1
4321,0.47173713,0.53761559,0.58130602,0.54844627,0.63794775,11.97396306,11.98724611,1,1,210.24695064,1
4322,0.47460641,0.54258886,0.60589777,0.50787004,0.65377316,11.98869566,12.08543446,1,1,210.24695064,1
4323,0.4754906,0.54276268,0.60605424,0.48695665,0.63118538,12.07713222,12.11004174,1,1,210.24695064,1
4324,0.45630671,0.58989687,0.62959091,0.44721773,0.64853721,12.08519591,12.11115536,1,1,210.24695064,1
4325,0.46219028,0.57061935,0.60410449,0.48827334,0.66548714,11.6831373,11.72607977,1,1,210.24695064,1
4326,0.47203643,0.57175091,0.60345039,0.44850851,0.67961128,12.14676721,12.24865026,1,1,210.24695064,1
4327,0.4764984,0.53997564,0.59344456,0.48953834,0.6958122,11.70366582,11.81332842,1,1,210.24695064,1
4328,0.47966211,0.52810043,0.59073496,0.44979027,0.71189526,11.8752103,11.88402424,1,1,210.24695064,1
4329,0.4804587,0.52627775,0.5906473,0.49079446,0.6876616,12.14481666,12.21026424,1,1,210.24695064,1
4330,0.44241275,0.53296589,0.60616524,0.46313961,0.70389595,12.2655,12.3631497,1,1,210.24695064,1
4331,0.45435415,0.51826374,0.60009674,0.5038745,0.71981749,12.24320905,12.27228771,1,1,210.24695064,1
4332,0.47437527,0.52709851,0.56520313,0.46381151,0.69542115,12.11629288,12.16600358,1,1,210.24695064,1
4333,0.45448654,0.52866839,0.57395189,0.42453894,0.71150888,12.06635288,12.07444337,1,1,210.24695064,1
4334,0.46401077,0.50383934,0.56540318,0.4660396,0.7272787,12.02984669,12.12612307,1,1,210.24695064,1
4335,0.46383374,0.50694081,0.56579296,0.42724095,0.70273773,12.23684185,12.30945626,1,1,210.24695064,1
4336,0.52136418,0.57882609,0.58820927,0.38869623,0.68374508,12.3327693,12.40301284,1,1,210.24695064,1
4337,0.52610885,0.57362693,0.56917275,0.42737994,0.69931315,12.15089291,12.188233,1,1,210.24695064,1
4338,0.52522411,0.56655404,0.56369874,0.38884518,0.71532689,12.155981,12.19130477,1,1,210.24695064,1
4339,0.54694279,0.56732734,0.5613623,0.43106828,0.73102035,12.02204626,12.04462058,1,1,210.24695064,1
4340,0.5252663,0.57605422,0.57817063,0.39244691,0.70677564,11.5076587,11.60407264,1,1,210.24695064,1
4341,0.55499806,0.5909976,0.55809338,0.43459792,0.68265133,12.57154198,12.62740807,1,1,210.24695064,1
4342,0.55501434,0.59111399,0.55833266,0.47555331,0.65899847,12.29992445,12.36982846,1,1,210.24695064,1
4343,0.53283787,0.58198428,0.5748808,0.43604723,0.64042173,12.1089601,12.18242754,1,1,210.24695064,1
4344,0.53734443,0.5821645,0.56543905,0.47732628,0.64151084,11.81833207,11.88567879,1,1,210.24695064,1
4345,0.52137257,0.56316106,0.56920566,0.43777976,0.61868234,12.03790125,12.0424856,1,1,210.24695064,1
4346,0.53454297,0.57812729,0.58566154,0.47893006,0.63630869,12.34213663,12.3897172,1,1,210.24695064,1
4347,0.54217927,0.55033407,0.58535861,0.43935772,0.63081064,11.86130441,11.90717963,1,1,210.24695064,1
4348,0.51734374,0.53696043,0.55692382,0.48037391,0.64819442,12.13608927,12.18023593,1,1,210.24695064,1
4349,0.51113449,0.54573688,0.5836968,0.52076643,0.66523053,11.85520448,11.89059808,1,1,210.24695064,1
4350,0.52214945,0.53285559,0.57858437,0.54967981,0.66802318,11.94147387,12.00638909,1,1,210.24695064,1
4351,0.52176834,0.52635202,0.58153111,0.51176074,0.65762453,11.98734045,12.06202208,1,1,210.24695064,1
4352,0.52167479,0.52758613,0.58160011,0.48985477,0.63877792,11.883542,11.94601883,1,1,210.24695064,1
4353,0.48458493,0.53390278,0.58130869,0.51464406,0.65600233,11.84574829,11.84874293,1,1,210.24695064,1
4354,0.4653214,0.52898716,0.58158368,0.55432807,0.67240428,11.9875811,12.1073776,1,1,210.24695064,1
4355,0.47718364,0.51295053,0.58048183,0.59324113,0.68859922,12.04999045,12.13504678,1,1,210.24695064,1
4356,0.49462453,0.49184371,0.58882191,0.55137631,0.66482724,11.84667381,11.92333231,1,1,210.24695064,1
4357,0.48883073,0.48468655,0.59764855,0.53663941,0.68139397,12.22112198,12.30820503,1,1,210.24695064,1
4358,0.49279879,0.49181125,0.57499809,0.49619192,0.69758503,12.20195462,12.29562725,1,1,210.24695064,1
4359,0.50547696,0.48451343,0.57849465,0.53626804,0.70689534,11.95736143,11.99105036,1,1,210.24695064,1
4360,0.5047346,0.48069178,0.57839193,0.57553886,0.68291423,11.97617247,12.0237525,1,1,210.24695064,1
4361,0.57686284,0.5100566,0.58976836,0.60429836,0.66048482,11.90101296,11.97018789,1,1,210.24695064,1
4362,0.55622132,0.50204561,0.60796152,0.64133632,0.6763909,11.99466951,12.09061511,1,1,210.24695064,1
4363,0.56985216,0.50282956,0.58186375,0.67842835,0.69269891,12.10684282,12.18365819,1,1,210.24695064,1
4364,0.56467909,0.51265262,0.59486855,0.71485972,0.70843624,11.79056948,11.84052029,1,1,210.24695064,1
4365,0.55150285,0.53586161,0.58500211,0.74745089,0.68426774,12.30636939,12.38581416,1,1,210.24695064,1
4366,0.54722369,0.53845363,0.58232685,0.703415,0.69196127,11.83063256,11.9218112,1,1,210.24695064,1
4367,0.54748042,0.53639158,0.58208224,0.65934739,0.70811241,12.35496494,12.46680806,1,1,210.24695064,1
4368,0.58155547,0.50685048,0.60729729,0.64606104,0.7239485,11.98389037,12.00071248,1,1,210.24695064,1
4369,0.56426424,0.5195964,0.5961904,0.67781018,0.73768507,12.32593899,12.3673087,1,1,210.24695064,1
4370,0.56406005,0.52305067,0.58011185,0.71424388,0.75271331,12.12635132,12.21857673,1,1,210.24695064,1
4371,0.55282996,0.52747557,0.58369313,0.68445958,0.72765904,11.89699529,11.98080796,1,1,210.24695064,1
4372,0.53887226,0.52672861,0.57171176,0.72075746,0.70352641,11.83343012,11.84180642,1,1,210.24695064,1
4373,0.55111666,0.55467574,0.59916745,0.67634612,0.67945599,12.18261348,12.21903103,1,1,210.24695064,1
4374,0.55166407,0.55176274,0.599453,0.71281673,0.69586687,12.07362624,12.11921478,1,1,210.24695064,1
4375,0.53285457,0.50689958,0.60695277,0.74856037,0.67194953,12.26409476,12.37140979,1,1,210.24695064,1
4376,0.51139427,0.51303082,0.61634443,0.70577865,0.68851054,12.23595831,12.32164454,1,1,210.24695064,1
4377,0.52507461,0.50117557,0.6264567,0.74166303,0.70474027,12.38689043,12.41513806,1,1,210.24695064,1
4378,0.52124294,0.50742374,0.61152088,0.76338548,0.68069256,12.34031683,12.39049746,1,1,210.24695064,1
4379,0.49328223,0.5003331,0.59941847,0.77344242,0.67598111,12.18211357,12.29206737,1,1,210.24695064,1
4380,0.4852102,0.50445542,0.59734006,0.72797361,0.65246162,11.75659461,11.84964788,1,1,210.24695064,1
4381,0.48265965,0.51810961,0.61589564,0.71244857,0.62958506,11.98131281,12.05975703,1,1,210.24695064,1
4382,0.4828562,0.51734474,0.61634424,0.7481996,0.61007724,12.24200874,12.3472663,1,1,210.24695064,1
4383,0.45481259,0.53894044,0.61930523,0.78213338,0.5884071,11.89632192,12.00947665,1,1,210.24695064,1
4384,0.4682169,0.52946982,0.62395204,0.73650803,0.60663896,12.22581663,12.33998074,1,1,210.24695064,1
4385,0.45911856,0.53076126,0.62796102,0.7269991,0.62433478,11.90745418,12.01846086,1,1,210.24695064,1
4386,0.46404239,0.52029332,0.609692,0.69000391,0.63406813,11.86891118,11.89816333,1,1,210.24695064,1
4387,0.49321086,0.52867064,0.5874572,0.72410446,0.65138677,12.26331548,12.2921457,1,1,210.24695064,1
4388,0.49313827,0.52529781,0.58731578,0.67980812,0.62835955,12.079463,12.13214429,1,1,210.24695064,1
4389,0.52245518,0.53294791,0.5834656,0.63709107,0.60698084,11.92126633,12.01307189,1,1,210.24695064,1
4390,0.52283165,0.53139723,0.5857693,0.59435621,0.62469843,12.09328692,12.13640313,1,1,210.24695064,1
4391,0.52292321,0.53930996,0.57259535,0.63246869,0.64220445,11.75536016,11.80580656,1,1,210.24695064,1
4392,0.52474648,0.54858615,0.58435842,0.59392475,0.61936036,11.93125605,11.97419,1,1,210.24695064,1
4393,0.50582239,0.56234772,0.57869807,0.55738327,0.59697315,11.80267942,11.88031807,1,1,210.24695064,1
4394,0.50542046,0.55949153,0.57832727,0.52206709,0.57543461,11.83594499,11.91049171,1,1,210.24695064,1
4395,0.49275104,0.5018262,0.56513683,0.56162575,0.55392592,11.64731994,11.6870261,1,1,210.24695064,1
4396,0.47891238,0.52785293,0.53272968,0.44575021,0.49292655,12.09922696,12.14501009,1,1,210.24695064,0
4397,0.49451036,0.50868829,0.5194505,0.32701723,0.43520041,12.04810972,12.07772147,1,1,210.24695064,0
4398,0.46836955,0.53647359,0.51207547,0.21084395,0.49866007,11.87189769,11.89389445,1,1,210.24695064,0
4399,0.46827769,0.53300021,0.5121196,0.33662707,0.5044643,12.26583949,12.35134743,1,1,210.24695064,0
4400,0.49289288,0.59475667,0.52458987,0.21989501,0.56773158,12.15356447,12.16970368,1,1,210.24695064,0
4401,0.45841039,0.64174527,0.48472521,0.33191401,0.51333368,12.14995049,12.25510667,1,1,210.24695064,0
4402,0.404912,0.71122845,0.4751861,0.44335555,0.57652204,11.66267081,11.69383473,1,1,210.24695064,0
4403,0.37989096,0.7908694,0.44684984,0.32865948,0.57091124,12.03412289,12.05094362,1,1,210.24695064,0
4404,0.34503108,0.85115455,0.44457992,0.45206995,0.63356099,12.0768998,12.19677523,1,1,210.24695064,0
4405,0.3444918,0.84813652,0.44440206,0.33494464,0.68993761,12.16264096,12.19107086,1,1,210.24695064,0
4406,0.31142129,0.81338247,0.45249151,0.21829081,0.72255052,11.99478306,12.07673689,1,1,210.24695064,0
4407,0.30779979,0.75555193,0.46623268,0.26392394,0.72434132,11.96641855,12.0828982,1,1,210.24695064,1
4408,0.32535298,0.65227932,0.4820356,0.30528387,0.71004869,12.09052252,12.16429129,1,1,210.24695064,1
4409,0.34190681,0.55974913,0.48641184,0.26917821,0.72584772,12.13429904,12.16986684,1,1,210.24695064,1
4410,0.33458721,0.44780012,0.49714093,0.23379472,0.74133074,12.03392973,12.12142542,1,1,210.24695064,1
4411,0.3556033,0.37278637,0.50598747,0.27825809,0.7165129,11.85758361,11.86665325,1,1,210.24695064,1
4412,0.35957757,0.30901976,0.5347278,0.24269332,0.69221912,12.1989679,12.26243385,1,1,210.24695064,1
4413,0.3622695,0.26515358,0.53113174,0.28783945,0.66839098,12.12734572,12.17293624,1,1,210.24695064,1
4414,0.36287636,0.26460091,0.53135997,0.33208266,0.68502316,11.92912506,11.9927723,1,1,210.24695064,1
4415,0.39526688,0.31246781,0.56255218,0.37441581,0.66132277,11.93140374,12.00171747,1,1,210.24695064,1
4416,0.42278552,0.31152737,0.55009014,0.33693867,0.66265656,11.8759554,11.93010495,1,1,210.24695064,1
4417,0.40952441,0.31807792,0.55270777,0.30737095,0.63942163,11.69116439,11.71098177,1,1,210.24695064,1
4418,0.42618641,0.31833324,0.54370986,0.27122913,0.65663304,12.03842894,12.11498141,1,1,210.24695064,1
4419,0.44425021,0.32364497,0.55159893,0.23580468,0.67346956,12.15047853,12.15891322,1,1,210.24695064,1
4420,0.45730262,0.33750122,0.53042916,0.20108946,0.65020426,12.24955924,12.32301429,1,1,210.24695064,1
4421,0.44988427,0.34051034,0.54291539,0.16714944,0.66705415,11.76937346,11.84823923,1,1,210.24695064,1
4422,0.46812056,0.33525101,0.53531879,0.21380556,0.68371303,11.92935212,12.0115284,1,1,210.24695064,1
4423,0.46795783,0.33888005,0.53545601,0.25952865,0.66003877,12.03543742,12.08887514,1,1,210.24695064,1
4424,0.53618385,0.36915883,0.54832363,0.27779972,0.67663603,11.92946359,11.98304475,1,1,210.24695064,1
4425,0.53466288,0.36450145,0.54217476,0.32224368,0.69300277,12.01536793,12.1301084,1,1,210.24695064,1
4426,0.54258932,0.38398096,0.53802263,0.28760014,0.66914271,12.05666511,12.13334085,1,1,210.24695064,1
4427,0.52970058,0.38366215,0.5425902,0.32680363,0.67830053,12.35478915,12.42436221,1,1,210.24695064,1
4428,0.52543517,0.39011631,0.53526256,0.29096935,0.6944605,11.98421047,12.08340211,1,1,210.24695064,1
4429,0.53114595,0.40295212,0.54023976,0.3294459,0.7105695,11.97743363,12.05864905,1,1,210.24695064,1
4430,0.52194738,0.4158068,0.55541946,0.3457911,0.7162906,12.15059346,12.17056607,1,1,210.24695064,1
4431,0.52156071,0.41829347,0.55530745,0.30887616,0.73196465,11.68956133,11.80546338,1,1,210.24695064,1
4432,0.56361444,0.41023157,0.55495923,0.30823626,0.70744131,12.0754523,12.11977391,1,1,210.24695064,1
4433,0.56204546,0.4205326,0.57500992,0.2723261,0.72326622,11.8901069,11.90771951,1,1,210.24695064,1
4434,0.52572032,0.41488056,0.56431254,0.23687978,0.7387287,12.13696306,12.21329257,1,1,210.24695064,1
4435,0.52718467,0.43154631,0.57462371,0.2821169,0.71395669,12.13516949,12.2360665,1,1,210.24695064,1
4436,0.52113366,0.42665106,0.54818679,0.32627411,0.68967775,11.78817447,11.79822211,1,1,210.24695064,1
4437,0.5262744,0.45580774,0.55407765,0.29027931,0.66752963,12.01756818,12.02165522,1,1,210.24695064,1
4438,0.52651991,0.45248426,0.55413511,0.26287212,0.68417874,12.34605651,12.36013867,1,1,210.24695064,1
4439,0.48973248,0.42596116,0.55937053,0.29824105,0.69379241,11.5864565,11.6420981,1,1,210.24695064,1
4440,0.48865635,0.42717418,0.5693203,0.34188307,0.70187458,11.93784933,11.94113775,1,1,210.24695064,1
4441,0.50064151,0.42453304,0.55494877,0.38502522,0.71777668,12.06309964,12.07505784,1,1,210.24695064,1
4442,0.49991034,0.41248604,0.56670175,0.34734173,0.73322215,11.99933722,12.07392043,1,1,210.24695064,1
4443,0.48904682,0.40633952,0.5513337,0.3903949,0.70888587,11.86145036,11.93393978,1,1,210.24695064,1
4444,0.49356801,0.4062383,0.558683,0.4325769,0.68570275,12.05690568,12.15294173,1,1,210.24695064,1
4445,0.49294524,0.40767045,0.55865103,0.39394677,0.6619887,11.95898889,11.98697626,1,1,210.24695064,1
4446,0.5566118,0.44305103,0.5757052,0.35938114,0.63875503,11.92469389,11.96975113,1,1,210.24695064,1
4447,0.5476917,0.44075345,0.57747309,0.39319935,0.65596562,12.12330576,12.13854148,1,1,210.24695064,1
4448,0.54079789,0.43441105,0.58309711,0.36012615,0.67284116,11.96695661,12.02625064,1,1,210.24695064,1
4449,0.53646605,0.45844011,0.55962178,0.40013237,0.64939604,11.79069334,11.90791139,1,1,210.24695064,1
4450,0.53971505,0.46187761,0.574462,0.44212972,0.62640812,11.91031587,11.98384654,1,1,210.24695064,1
4451,0.53287301,0.47335765,0.58286009,0.47625658,0.64387996,12.20785103,12.3104753,1,1,210.24695064,1
4452,0.53593528,0.48817136,0.57194611,0.51673145,0.66055475,11.928103,11.9337771,1,1,210.24695064,1
4453,0.52621409,0.48198127,0.56627134,0.49155196,0.67720492,12.07161802,12.08084179,1,1,210.24695064,1
4454,0.52640374,0.47982022,0.5665896,0.4618119,0.69366039,11.7717539,11.79843178,1,1,210.24695064,1
4455,0.51157069,0.44906957,0.58637129,0.42258976,0.70970001,12.17642452,12.18864049,1,1,210.24695064,1
4456,0.50449411,0.46740655,0.58036131,0.46344359,0.71644144,11.96824578,12.0136886,1,1,210.24695064,1
4457,0.51293017,0.45461571,0.58215286,0.50417472,0.72892311,11.91595013,11.96694766,1,1,210.24695064,1
4458,0.50913791,0.44931404,0.58320783,0.46624528,0.74434462,12.29018359,12.38523417,1,1,210.24695064,1
4459,0.49979189,0.4414271,0.58025111,0.42699463,0.71946229,12.09883839,12.17037677,1,1,210.24695064,1
4460,0.50078785,0.44138225,0.58007489,0.39121377,0.6950765,11.99625479,12.09786045,1,1,210.24695064,1
4461,0.47664631,0.44962097,0.6000507,0.43338949,0.67117497,12.00965398,12.10482214,1,1,210.24695064,1
4462,0.49315758,0.42994081,0.57965682,0.396849,0.68775147,11.82607871,11.84919151,1,1,210.24695064,1
4463,0.49141837,0.42505216,0.55924774,0.35891202,0.66399832,12.1757648,12.20430589,1,1,210.24695064,1
4464,0.49794953,0.43148241,0.58299789,0.32173378,0.67262189,12.2734398,12.34716947,1,1,210.24695064,1
4465,0.49763429,0.43401559,0.58263135,0.28978998,0.65405229,12.43692586,12.50580195,1,1,210.24695064,1
4466,0.49910476,0.53092938,0.57571519,0.33396086,0.67055221,12.1071311,12.22518456,1,1,210.24695064,1
4467,0.51758158,0.50425231,0.58058608,0.37195838,0.68713401,12.01508256,12.06672065,1,1,210.24695064,1
4468,0.5435157,0.49786153,0.56690337,0.41396388,0.70339132,12.11352563,12.20246957,1,1,210.24695064,1
4469,0.54603196,0.49013416,0.54276753,0.37588381,0.6793235,12.22279928,12.25777439,1,1,210.24695064,1
4470,0.54594687,0.48959725,0.54297765,0.33871629,0.65573703,11.85539388,11.87190658,1,1,210.24695064,1
4471,0.61039584,0.45862807,0.5721325,0.30194202,0.63262839,11.78983607,11.86293631,1,1,210.24695064,1
4472,0.5691241,0.47194991,0.56310602,0.26615215,0.64997582,11.72031026,11.80661937,1,1,210.24695064,1
4473,0.58646548,0.46399378,0.56144107,0.23130313,0.6269807,11.94504697,12.03398405,1,1,210.24695064,1
4474,0.55879788,0.48066503,0.53418833,0.27667457,0.6444409,12.0793241,12.08652794,1,1,210.24695064,1
4475,0.55546378,0.48240647,0.53667064,0.24114132,0.6590955,11.72906756,11.82327492,1,1,210.24695064,1
4476,0.55598059,0.49651883,0.53638896,0.28099761,0.67589229,12.23082574,12.30492485,1,1,210.24695064,1
4477,0.55544519,0.49548557,0.53623098,0.24537766,0.65237547,12.24770874,12.28342465,1,1,210.24695064,1
4478,0.59611086,0.46575493,0.56358561,0.21047011,0.64460139,12.2766553,12.30615408,1,1,210.24695064,1
4479,0.55519571,0.48413202,0.5599407,0.17626076,0.64761169,11.82757207,11.83390353,1,1,210.24695064,1
4480,0.56486013,0.49114705,0.55174965,0.22035085,0.63923562,12.06085024,12.13006782,1,1,210.24695064,1
4481,0.53515215,0.47714204,0.53566678,0.18597456,0.61645172,11.77221268,11.87012251,1,1,210.24695064,1
4482,0.53087955,0.48219957,0.56242094,0.23225507,0.60582704,12.101486,12.16257351,1,1,210.24695064,1
4483,0.51806722,0.50237491,0.56226781,0.19776797,0.62370415,12.29189842,12.3658249,1,1,210.24695064,1
4484,0.51759163,0.50212431,0.56206106,0.22060828,0.64123007,11.80014221,11.83184767,1,1,210.24695064,1
4485,0.50420307,0.48556191,0.58250752,0.18619611,0.61846259,11.71285877,11.71876539,1,1,210.24695064,1
4486,0.50253971,0.47598129,0.56058425,0.2324354,0.63600178,11.91213187,11.99671623,1,1,210.24695064,1
4487,0.48314009,0.46987447,0.58358041,0.27778668,0.65326581,11.82755222,11.84885675,1,1,210.24695064,1
4488,0.49506407,0.46254098,0.55949897,0.24223101,0.63022076,12.04294503,12.11873252,1,1,210.24695064,1
4489,0.47337968,0.47838379,0.57313953,0.20738639,0.60761763,12.15544624,12.27572509,1,1,210.24695064,1
4490,0.47336064,0.47829005,0.57321284,0.19698321,0.62546528,11.83607962,11.86086681,1,1,210.24695064,1
4491,0.44747351,0.50891877,0.58071411,0.16305819,0.64289954,11.8261891,11.93895239,1,1,210.24695064,1
4492,0.46463554,0.49542803,0.57130388,0.20978501,0.66004144,11.89863288,11.95144219,1,1,210.24695064,1
4493,0.47943341,0.48759993,0.59577037,0.25558931,0.67055217,12.01531648,12.12388628,1,1,210.24695064,1
4494,0.47227617,0.47860011,0.58561039,0.22047753,0.68714107,12.31747862,12.41054945,1,1,210.24695064,1
4495,0.49035383,0.47210418,0.58111707,0.18626069,0.66383266,12.0035486,12.07368056,1,1,210.24695064,1
4496,0.49118509,0.46573894,0.58351726,0.23253455,0.68055601,12.16277553,12.20085405,1,1,210.24695064,1
4497,0.49114818,0.46780712,0.5834144,0.20118469,0.69629527,12.02232741,12.11629997,1,1,210.24695064,1
4498,0.46918636,0.48811473,0.60144296,0.24707284,0.71236936,12.19101885,12.19637327,1,1,210.24695064,1
4499,0.47191209,0.48757185,0.5760041,0.29213138,0.72812197,12.26051532,12.27036813,1,1,210.24695064,1
4500,0.48879971,0.4782264,0.58199828,0.25639197,0.72714212,11.49490176,11.53027356,1,1,210.24695064,1
4501,0.48839114,0.45848358,0.58874886,0.30109899,0.70259928,11.7074309,11.71711772,1,1,210.24695064,1
4502,0.50280916,0.45518818,0.58843789,0.34417428,0.71854726,11.98881713,12.02158301,1,1,210.24695064,1
4503,0.50326087,0.45548328,0.58871731,0.34707557,0.73417579,11.99104349,12.0632964,1,1,210.24695064,1
4504,0.47081456,0.47096552,0.59839377,0.31013409,0.7494187,12.28745304,12.3377719,1,1,210.24695064,1
4505,0.45071786,0.4455695,0.59824582,0.27423318,0.76443032,11.88575064,11.97388035,1,1,210.24695064,1
4506,0.47660309,0.45031319,0.59133777,0.31874828,0.73914172,12.06177582,12.08490202,1,1,210.24695064,1
4507,0.46815083,0.44734384,0.5831673,0.28246914,0.71558817,11.81715402,11.92744826,1,1,210.24695064,1
4508,0.48605146,0.42699074,0.56517445,0.25463091,0.73127624,11.90178066,12.00459728,1,1,210.24695064,1
4509,0.48583842,0.42426113,0.56500391,0.22176918,0.7075414,11.9478622,11.99550913,1,1,210.24695064,1
4510,0.54606558,0.44466808,0.58414263,0.18735704,0.71184233,11.97626501,11.99673991,1,1,210.24695064,1
4511,0.54237332,0.44451956,0.5641306,0.23360982,0.68760548,11.36682801,11.41682383,1,1,210.24695064,1
4512,0.52579968,0.45810097,0.57966492,0.24798283,0.6638534,12.32902569,12.36538376,1,1,210.24695064,1
4513,0.52175462,0.47326603,0.58411801,0.29302293,0.67598652,12.07756423,12.13049934,1,1,210.24695064,1
4514,0.5345096,0.47748128,0.57539091,0.28391362,0.65246692,11.74944989,11.84221446,1,1,210.24695064,1
4515,0.5293924,0.47246669,0.58325003,0.2999267,0.62942383,12.13715595,12.24671174,1,1,210.24695064,1
4516,0.52976101,0.47588852,0.58324163,0.26410045,0.6453806,11.87368536,11.97018262,1,1,210.24695064,1
4517,0.57670616,0.46317644,0.58615666,0.23106069,0.62783984,11.74522449,11.83529665,1,1,210.24695064,1
4518,0.56992913,0.48475283,0.59499332,0.27643896,0.64528304,11.86461265,11.97349298,1,1,210.24695064,1
4519,0.57010676,0.48333046,0.58528716,0.3209092,0.66229588,11.92557812,12.03849072,1,1,210.24695064,1
4520,0.56905452,0.50252178,0.60386282,0.36158835,0.63923412,12.21237884,12.286635,1,1,210.24695064,1
4521,0.53916963,0.50810181,0.58664082,0.40435656,0.62864768,11.85991556,11.86742911,1,1,210.24695064,1
4522,0.55952143,0.51964945,0.58701558,0.36673675,0.60607651,12.38531866,12.47869513,1,1,210.24695064,1
4523,0.55970771,0.51575142,0.58660523,0.33071774,0.58396294,12.24969766,12.29574876,1,1,210.24695064,1
4524,0.52608184,0.49345176,0.61467462,0.29410536,0.5626081,11.9898212,12.00779302,1,1,210.24695064,1
4525,0.51998542,0.47903045,0.60258298,0.33822323,0.54250533,11.90531113,11.99899583,1,1,210.24695064,1
4526,0.53063741,0.49071918,0.60194815,0.30145877,0.56165522,11.79471688,11.84141382,1,1,210.24695064,1
4527,0.52513778,0.46490237,0.598677,0.2654296,0.54042212,11.68357808,11.69083081,1,1,210.24695064,1
4528,0.50196851,0.47753404,0.60918132,0.23301166,0.55819644,11.82601694,11.88713558,1,1,210.24695064,1
4529,0.5108688,0.47192706,0.57859706,0.19849003,0.57703249,11.89693247,11.94132397,1,1,210.24695064,1
4530,0.51224319,0.45913495,0.59365045,0.24413273,0.56925728,12.070827,12.15503625,1,1,210.24695064,1
4531,0.51239912,0.45888812,0.59399192,0.22210967,0.54787226,12.01995209,12.02603003,1,1,210.24695064,1
4532,0.59177293,0.48026915,0.6154982,0.18907655,0.55887497,11.86352667,11.86773602,1,1,210.24695064,1
4533,0.59558894,0.47944402,0.60008887,0.15535674,0.53769747,11.83841002,11.86691755,1,1,210.24695064,1
4534,0.56660711,0.49358142,0.60463084,0.20224961,0.534661,12.31147528,12.41116623,1,1,210.24695064,1
4535,0.56359274,0.4933232,0.61373795,0.17977885,0.55396778,11.78090098,11.88723392,1,1,210.24695064,1
4536,0.55887365,0.50431504,0.60679739,0.14621836,0.56775778,12.25085101,12.35626557,1,1,210.24695064,1
4537,0.56819109,0.51208311,0.58816286,0.11329399,0.58631665,12.10695122,12.22659428,1,1,210.24695064,1
4538,0.54970554,0.53002051,0.59476863,0.16087045,0.60459027,11.84300315,11.86361195,1,1,210.24695064,1
4539,0.56381761,0.51601904,0.59595791,0.20696377,0.58249847,11.99738618,12.0646554,1,1,210.24695064,1
4540,0.56331552,0.51730005,0.59605009,0.25281822,0.6008485,11.9615838,12.00556968,1,1,210.24695064,1
4541,0.61805635,0.51460941,0.59431738,0.21776186,0.61876557,11.97759726,11.98959134,1,1,210.24695064,1
4542,0.60219555,0.50754954,0.61423878,0.26296001,0.63302278,12.06439982,12.12269171,1,1,210.24695064,1
4543,0.59391275,0.52056862,0.62396332,0.22770085,0.61036233,12.05902134,12.09908244,1,1,210.24695064,1
4544,0.5961166,0.54747185,0.59636719,0.1934619,0.61598293,11.87073006,11.91046272,1,1,210.24695064,1
4545,0.57365303,0.54044778,0.58548735,0.18596366,0.5936635,12.23602137,12.281652,1,1,210.24695064,1
4546,0.58125243,0.55448825,0.61031787,0.22916544,0.61178953,12.2194282,12.30380434,1,1,210.24695064,1
4547,0.54497029,0.57001851,0.58381949,0.19458214,0.62955374,11.80951665,11.89636169,1,1,210.24695064,1
4548,0.54442622,0.56911219,0.58333645,0.16069061,0.60696269,11.85871946,11.97212914,1,1,210.24695064,1
4549,0.51680255,0.54521586,0.61215244,0.1274768,0.5849148,11.92948864,12.00165217,1,1,210.24695064,1
4550,0.52178099,0.55405864,0.59875969,0.17490219,0.56322443,11.77910381,11.88651532,1,1,210.24695064,1
4551,0.52678996,0.53401304,0.59953099,0.14140415,0.58192856,12.15980736,12.1710487,1,1,210.24695064,1
4552,0.50060206,0.54419964,0.59613596,0.10859251,0.60028999,12.12435227,12.21179612,1,1,210.24695064,1
4553,0.51306527,0.52539438,0.6052631,0.15639521,0.61828159,12.03230458,12.08916531,1,1,210.24695064,1
4554,0.51428324,0.53582878,0.60114239,0.12411624,0.59599273,11.93480324,12.04780409,1,1,210.24695064,1
4555,0.49899861,0.53072352,0.59541372,0.09268935,0.57407311,12.25048992,12.33323342,1,1,210.24695064,1
4556,0.4981731,0.53241901,0.59549497,0.14083548,0.55259165,11.87411749,11.9767602,1,1,210.24695064,1
4557,0.47344198,0.55346643,0.62273516,0.18801767,0.56553291,11.56662664,11.64222781,1,1,210.24695064,1
4558,0.50250661,0.53762028,0.59881784,0.23425732,0.54422225,12.0337065,12.11855826,1,1,210.24695064,1
4559,0.48171794,0.53969547,0.59787423,0.27956646,0.52394092,12.48481283,12.48644012,1,1,210.24695064,1
4560,0.49533592,0.52282864,0.58303648,0.32397489,0.54145291,11.81514305,11.85867049,1,1,210.24695064,1
4561,0.49622972,0.51638755,0.58710458,0.28754711,0.55206934,11.89630909,11.96982171,1,1,210.24695064,1
4562,0.49617771,0.51592517,0.58721253,0.25179617,0.57102794,12.12395993,12.24103871,1,1,210.24695064,1
4563,0.46631154,0.54416454,0.62012481,0.21693416,0.57825331,12.18709097,12.24148685,1,1,210.24695064,1
4564,0.48687475,0.5346687,0.58848785,0.26257537,0.55668827,12.03450863,12.10341708,1,1,210.24695064,1
4565,0.48615816,0.50124635,0.59404385,0.22732386,0.57436321,12.04045905,12.12669877,1,1,210.24695064,1
4566,0.49511561,0.49483886,0.59267921,0.19459604,0.55287644,12.03559604,12.07604307,1,1,210.24695064,1
4567,0.48042414,0.49418243,0.59011379,0.16179859,0.54713761,12.08327821,12.12051696,1,1,210.24695064,1
4568,0.49398931,0.49075852,0.59692105,0.13151157,0.53085814,12.07700186,12.11326151,1,1,210.24695064,1
4569,0.50762342,0.47061406,0.59649952,0.15283476,0.51499835,11.72044924,11.81447766,1,1,210.24695064,1
4570,0.50741262,0.46888679,0.59637603,0.19937743,0.53469801,12.12389667,12.18476508,1,1,210.24695064,1
4571,0.46083173,0.46298643,0.60812885,0.21319107,0.51400451,12.17359757,12.20263717,1,1,210.24695064,1
4572,0.48380529,0.46048079,0.60838966,0.20141697,0.49588762,12.11817266,12.17382576,1,1,210.24695064,1
4573,0.48637462,0.4564575,0.58993892,0.24738863,0.51596987,12.13167303,12.22874619,1,1,210.24695064,1
4574,0.48608349,0.45858548,0.58778081,0.29244086,0.53564839,12.14366519,12.26256767,1,1,210.24695064,1
4575,0.48441239,0.4384652,0.58684074,0.25727141,0.55493539,11.95138018,11.95571254,1,1,210.24695064,1
4576,0.47460592,0.4353387,0.58909149,0.28489375,0.53401858,11.92049372,12.02083486,1,1,210.24695064,1
4577,0.47492399,0.43470453,0.58881974,0.24920672,0.55328397,11.44028261,11.51862476,1,1,210.24695064,1
4578,0.53897965,0.47753973,0.59000221,0.21422259,0.53222082,11.78889686,11.82407296,1,1,210.24695064,1
4579,0.5480229,0.46280133,0.61255089,0.25986713,0.55157637,12.04500022,12.13475394,1,1,210.24695064,1
4580,0.53730883,0.4748841,0.59377908,0.22466979,0.57002182,12.1327527,12.14262517,1,1,210.24695064,1
4581,0.53312559,0.47887445,0.61622276,0.27012524,0.55470915,12.4220796,12.48055117,1,1,210.24695064,1
4582,0.55822568,0.50301289,0.58636764,0.31450946,0.53365333,11.68421649,11.69250705,1,1,210.24695064,1
4583,0.53618229,0.49884169,0.6067552,0.29567273,0.55294511,12.16593535,12.22757288,1,1,210.24695064,1
4584,0.53372536,0.51945314,0.59875016,0.25975944,0.53188621,11.62859303,11.64330845,1,1,210.24695064,1
4585,0.53015392,0.51858984,0.59518118,0.2250309,0.51125196,12.13535124,12.17788209,1,1,210.24695064,1
4586,0.53069403,0.51657924,0.59558942,0.1912992,0.49102692,11.9495813,12.01013097,1,1,210.24695064,1
4587,0.56236846,0.4661955,0.6153225,0.16092308,0.48425095,11.85859874,11.92684689,1,1,210.24695064,1
4588,0.54350569,0.47183068,0.61489795,0.20739158,0.50456593,11.65551619,11.74201244,1,1,210.24695064,1
4589,0.52241064,0.48669066,0.60093344,0.17324626,0.48447703,11.85446196,11.94638619,1,1,210.24695064,1
4590,0.52421596,0.49340901,0.57691424,0.21978133,0.46632495,12.28588063,12.40205027,1,1,210.24695064,1
4591,0.52162821,0.51107488,0.58474749,0.26536407,0.44699943,11.98832022,12.03141181,1,1,210.24695064,1
4592,0.52167638,0.51143786,0.58490828,0.30402295,0.42805944,12.18386183,12.2116367,1,1,210.24695064,1
4593,0.49994659,0.50120832,0.59156718,0.26795598,0.41042844,12.0918768,12.18460019,1,1,210.24695064,1
4594,0.49816709,0.4898463,0.60932847,0.31259684,0.39243177,12.18764287,12.22555092,1,1,210.24695064,1
4595,0.48383241,0.47193398,0.58453085,0.3563449,0.41457877,11.91009089,12.00431616,1,1,210.24695064,1
4596,0.48231777,0.4770413,0.59495888,0.39725894,0.39646812,11.98924794,12.06436287,1,1,210.24695064,1
4597,0.49270483,0.47632355,0.57216104,0.36294618,0.41755747,11.71508881,11.76677342,1,1,210.24695064,1
4598,0.49127956,0.48128364,0.60217311,0.32568726,0.39920632,12.12429803,12.23113921,1,1,210.24695064,1
4599,0.49042092,0.48008067,0.60222239,0.29246733,0.42122219,11.98105145,12.0573082,1,1,210.24695064,1
4600,0.5292206,0.53484303,0.61194668,0.33661789,0.44167932,12.2554536,12.32223747,1,1,210.24695064,1
4601,0.54329602,0.54167002,0.61046817,0.37988553,0.44321014,12.42925916,12.54809385,1,1,210.24695064,1
4602,0.54340237,0.53267977,0.5865646,0.34230839,0.44561064,12.118045,12.20187736,1,1,210.24695064,1
4603,0.56688406,0.52858501,0.60312745,0.38543478,0.46669843,12.2432358,12.33127684,1,1,210.24695064,1
4604,0.56592004,0.53786924,0.59875335,0.35838449,0.44736448,12.48388791,12.58059523,1,1,210.24695064,1
4605,0.56704628,0.54080948,0.59833915,0.3212168,0.42841719,12.04494973,12.15098057,1,1,210.24695064,1
4606,0.55415223,0.48037221,0.6064089,0.28479484,0.44984835,12.30988202,12.36743827,1,1,210.24695064,1
4607,0.54549794,0.50729678,0.60608124,0.32889052,0.43961908,12.10207266,12.1525954,1,1,210.24695064,1
4608,0.54106029,0.51000426,0.59487078,0.29232223,0.46082664,12.40846078,12.41908541,1,1,210.24695064,1
4609,0.5170732,0.49857769,0.58840488,0.25647579,0.44161019,12.11621604,12.21072911,1,1,210.24695064,1
4610,0.51548597,0.50993251,0.58348867,0.2213469,0.42278938,11.6732942,11.69729457,1,1,210.24695064,1
4611,0.51110835,0.51090537,0.60314158,0.26691996,0.44433359,12.03784639,12.11820962,1,1,210.24695064,1
4612,0.51207,0.50745422,0.60287599,0.23158159,0.42550188,11.75699293,11.81654454,1,1,210.24695064,1
4613,0.48184952,0.50914227,0.59865395,0.20483376,0.40699196,11.95649059,11.97922695,1,1,210.24695064,1
4614,0.48500841,0.50397262,0.57537858,0.17073731,0.4288508,12.0194553,12.12988788,1,1,210.24695064,1
4615,0.47819847,0.49106445,0.54745857,0.13734133,0.42154419,12.18219552,12.2078159,1,1,210.24695064,1
4616,0.49531813,0.47987834,0.51983777,0.12271651,0.44303831,11.82568298,11.85844223,1,1,210.24695064,1
4617,0.49521627,0.48053286,0.51971744,0.17026204,0.46414058,11.86591304,11.94206817,1,1,210.24695064,1
4618,0.5538545,0.50901488,0.53151681,0.13686419,0.48484209,11.90288464,11.95900641,1,1,210.24695064,1
4619,0.53625094,0.50931916,0.51686218,0.15883494,0.49594761,12.25590555,12.29298573,1,1,210.24695064,1
4620,0.55608193,0.52490232,0.53535341,0.20118708,0.51602866,11.93745884,11.94207647,1,1,210.24695064,1
4621,0.54391857,0.54312685,0.518672,0.24713702,0.53570809,11.8604888,11.96642501,1,1,210.24695064,1
4622,0.5353741,0.52022187,0.53285856,0.21219466,0.53961329,11.82346214,11.93007585,1,1,210.24695064,1
4623,0.53499135,0.51954814,0.5330899,0.25795074,0.51884582,11.59111765,11.66431719,1,1,210.24695064,1
4624,0.58185902,0.47549182,0.55113599,0.22279173,0.4984689,12.15924929,12.22442314,1,1,210.24695064,1
4625,0.55864707,0.48621013,0.5362866,0.18897067,0.47850179,12.16629604,12.21612429,1,1,210.24695064,1
4626,0.5475413,0.48831336,0.55411007,0.15519126,0.49661702,12.08004038,12.17712308,1,1,210.24695064,1
4627,0.53357536,0.4910381,0.54637713,0.12208743,0.47670526,11.85996671,11.96646059,1,1,210.24695064,1
4628,0.52742062,0.50949309,0.54259031,0.16964568,0.46450028,12.28182049,12.39395991,1,1,210.24695064,1
4629,0.53347286,0.52136943,0.54961981,0.21600555,0.48482996,11.9615835,12.02967389,1,1,210.24695064,1
4630,0.53313098,0.52139676,0.54928501,0.18224799,0.49524772,12.15346612,12.22388724,1,1,210.24695064,1
4631,0.54063738,0.44422209,0.55362185,0.14860306,0.47534277,12.29454749,12.3388624,1,1,210.24695064,1
4632,0.53159625,0.46882326,0.55147174,0.17050077,0.49582909,12.0792472,12.19169988,1,1,210.24695064,1
4633,0.50828133,0.46267369,0.55408818,0.21676591,0.48683563,11.8313028,11.90867692,1,1,210.24695064,1
4634,0.50919753,0.483916,0.54081845,0.26243059,0.46709896,11.89131938,11.95567658,1,1,210.24695064,1
4635,0.48351877,0.46705454,0.54314504,0.30717989,0.48761264,12.29501018,12.38466871,1,1,210.24695064,1
4636,0.48386425,0.46737199,0.54348727,0.28388157,0.46881891,11.96346114,11.97886708,1,1,210.24695064,1
4637,0.54189572,0.5487403,0.5551414,0.25679839,0.48944242,11.67491661,11.69290503,1,1,210.24695064,1
4638,0.54803119,0.54855678,0.56419221,0.30166242,0.47476175,12.07515376,12.07516517,1,1,210.24695064,1
4639,0.53875321,0.53235125,0.56319861,0.26735178,0.45526652,12.33848937,12.41330797,1,1,210.24695064,1
4640,0.54133477,0.52718913,0.53073937,0.23200496,0.46270545,11.63218713,11.71986091,1,1,210.24695064,1
4641,0.55694525,0.52262406,0.5578672,0.2758283,0.48224991,11.81944699,11.91789647,1,1,210.24695064,1
4642,0.5571022,0.52576733,0.55756982,0.24031179,0.46260515,12.15421725,12.22965901,1,1,210.24695064,1
4643,0.52466323,0.46615998,0.57975583,0.21116496,0.44716825,11.95432773,12.04876201,1,1,210.24695064,1
4644,0.51699306,0.47003058,0.55911865,0.22463339,0.46822488,11.77314407,11.83624176,1,1,210.24695064,1
4645,0.5044324,0.48077419,0.55858862,0.27014072,0.48598295,11.8534066,11.92480639,1,1,210.24695064,1
4646,0.5208087,0.46732706,0.57747583,0.28854987,0.50541546,11.97300068,12.02741979,1,1,210.24695064,1
4647,0.50038546,0.48129765,0.54809253,0.29115074,0.5250049,11.89340813,11.94574298,1,1,210.24695064,1
4648,0.49919054,0.46489365,0.56564408,0.25532832,0.5045048,11.93402486,12.0306237,1,1,210.24695064,1
4649,0.49881718,0.46397494,0.56576866,0.22022241,0.48442076,11.80494402,11.87090708,1,1,210.24695064,1
4650,0.47143511,0.4747626,0.5666283,0.18746366,0.46473234,12.0910433,12.16769487,1,1,210.24695064,1
4651,0.49395999,0.46768822,0.55482619,0.23338807,0.45469619,12.1688252,12.24173443,1,1,210.24695064,1
4652,0.47815915,0.45384361,0.55865485,0.27872031,0.43567363,11.75093015,11.86251346,1,1,210.24695064,1
4653,0.4990381,0.45445991,0.54157661,0.24315229,0.44192054,11.97371115,11.9980309,1,1,210.24695064,1
4654,0.48341569,0.43168226,0.55825306,0.20828957,0.42309155,12.07537572,12.11281691,1,1,210.24695064,1
4655,0.48366967,0.42833087,0.5584551,0.25411691,0.40776981,12.09220119,12.1916952,1,1,210.24695064,1
4656,0.47199299,0.45306757,0.5634252,0.29538726,0.42961414,11.88781685,11.90740656,1,1,210.24695064,1
4657,0.4681304,0.45674457,0.57961418,0.26002097,0.45067023,12.09240346,12.18057551,1,1,210.24695064,1
4658,0.48917915,0.42469723,0.56304237,0.30482027,0.43165683,12.20359742,12.27060476,1,1,210.24695064,1
4659,0.49474411,0.41579509,0.56450546,0.3417548,0.45299838,11.77195164,11.8735463,1,1,210.24695064,1
4660,0.48956306,0.42114386,0.56789492,0.38250021,0.43393841,11.92401011,12.01764625,1,1,210.24695064,1
4661,0.48985325,0.42110539,0.56761278,0.4248502,0.4552592,11.93067697,11.987766,1,1,210.24695064,1
4662,0.51242494,0.48700484,0.5779132,0.38635446,0.47615354,12.25317409,12.34069792,1,1,210.24695064,1
4663,0.51796729,0.48638997,0.56385885,0.34865607,0.45663047,11.7792471,11.88012096,1,1,210.24695064,1
4664,0.52905749,0.48357702,0.56526884,0.39155807,0.46666538,12.06878853,12.07927998,1,1,210.24695064,1
4665,0.54771923,0.47281036,0.55666158,0.35871812,0.44748024,12.05129819,12.12416647,1,1,210.24695064,1
4666,0.54786693,0.47172482,0.55624306,0.32542597,0.46851956,11.91422214,11.94600116,1,1,210.24695064,1
4667,0.58956118,0.40960941,0.58151871,0.28891745,0.48914915,12.07708164,12.10507987,1,1,210.24695064,1
4668,0.55699883,0.4224913,0.58512235,0.33313907,0.50936226,12.01059884,12.09073919,1,1,210.24695064,1
4669,0.55236048,0.42863925,0.58178547,0.29647663,0.48918324,11.50827468,11.61591035,1,1,210.24695064,1
4670,0.53827993,0.42872821,0.56175764,0.3405471,0.47022435,12.12141199,12.21639649,1,1,210.24695064,1
4671,0.53747333,0.45133086,0.55173769,0.38368931,0.49079505,12.09532293,12.10030472,1,1,210.24695064,1
4672,0.5221201,0.44956422,0.57632938,0.34602069,0.51097915,11.95729041,12.02117136,1,1,210.24695064,1
4673,0.5217316,0.44578097,0.57590463,0.3091004,0.49075957,11.75643906,11.76340111,1,1,210.24695064,1
4674,0.61404595,0.45240608,0.57543081,0.35262417,0.47094438,11.74521766,11.79761047,1,1,210.24695064,1
4675,0.59672101,0.47003631,0.5928809,0.39557166,0.45152549,12.26673227,12.30304565,1,1,210.24695064,1
4676,0.58783922,0.46314048,0.5906225,0.35804902,0.47249369,11.69768389,11.70766497,1,1,210.24695064,1
4677,0.57801752,0.47242538,0.57260096,0.40088804,0.45304382,12.00324996,12.03967646,1,1,210.24695064,1
4678,0.58337755,0.47946756,0.58311652,0.44280947,0.43832012,12.04390622,12.13899004,1,1,210.24695064,1
4679,0.57950697,0.50612466,0.58312975,0.48395316,0.43831019,11.69595148,11.7209561,1,1,210.24695064,1
4680,0.5641832,0.50374854,0.59190328,0.44693407,0.41986424,12.11143759,12.16223953,1,1,210.24695064,1
4681,0.56365791,0.50464126,0.59209102,0.40799546,0.40146696,11.9470941,12.0027989,1,1,210.24695064,1
4682,0.55906541,0.48660971,0.62095183,0.4448073,0.42343762,12.20185538,12.20696826,1,1,210.24695064,1
4683,0.56266657,0.47380934,0.61143311,0.48529611,0.42553642,11.98301755,12.0192922,1,1,210.24695064,1
4684,0.55434568,0.47812196,0.6012943,0.52538985,0.44702533,11.77801311,11.82880027,1,1,210.24695064,1
4685,0.51531419,0.47195143,0.59995954,0.48489193,0.46805218,12.02048597,12.13285789,1,1,210.24695064,1
4686,0.51181062,0.46094372,0.58317771,0.52519408,0.44869114,11.86003246,11.87068875,1,1,210.24695064,1
4687,0.53158202,0.46149258,0.58081198,0.48469341,0.46888078,11.70594235,11.78057775,1,1,210.24695064,1
4688,0.53098973,0.45841813,0.58121946,0.52499953,0.48950307,12.19040245,12.24515928,1,1,210.24695064,1
4689,0.57598391,0.44050217,0.60565445,0.4844997,0.46971333,11.94146678,12.01320473,1,1,210.24695064,1
4690,0.54984562,0.43312762,0.60517811,0.52480255,0.49031906,11.96044573,12.00278134,1,1,210.24695064,1
4691,0.55651632,0.44950186,0.58019779,0.4844419,0.51051247,12.01210156,12.08029039,1,1,210.24695064,1
4692,0.53513718,0.44822519,0.56382669,0.44475623,0.49031127,12.02498256,12.0457759,1,1,210.24695064,1
4693,0.51114318,0.45984662,0.58150131,0.48548968,0.51050503,11.98656917,12.00376795,1,1,210.24695064,1
4694,0.51102735,0.46425472,0.58170916,0.52502104,0.49467515,12.1711001,12.18355762,1,1,210.24695064,1
4695,0.4778258,0.43356302,0.58343941,0.48545808,0.51432117,11.87154857,11.94251125,1,1,210.24695064,1
4696,0.48465304,0.42163452,0.6046293,0.52574833,0.49404582,12.09902072,12.12834303,1,1,210.24695064,1
4697,0.4729742,0.43454756,0.57678198,0.48542921,0.4741687,11.88820733,11.95234599,1,1,210.24695064,1
4698,0.48824718,0.43097506,0.58874466,0.44572065,0.49466523,12.06775445,12.16405956,1,1,210.24695064,1
4699,0.48216537,0.43059237,0.5661985,0.4068621,0.51302668,11.90257619,11.93640427,1,1,210.24695064,1
4700,0.48266242,0.42933792,0.56660624,0.36872487,0.53182769,11.9270055,12.01502493,1,1,210.24695064,1
4701,0.49854624,0.51984276,0.59000032,0.33135052,0.54980349,12.1447632,12.14665225,1,1,210.24695064,1
4702,0.49911751,0.49064426,0.56215672,0.29472351,0.5288568,11.86559092,11.88335921,1,1,210.24695064,1
4703,0.51448262,0.50333277,0.56806445,0.25975164,0.54827961,11.81288633,11.90070086,1,1,210.24695064,1
4704,0.50830273,0.48053228,0.5658121,0.2332731,0.56731402,11.92458757,12.0306904,1,1,210.24695064,1
4705,0.51752664,0.46664996,0.53372943,0.1986573,0.58186596,12.11258636,12.2306009,1,1,210.24695064,1
4706,0.51741089,0.46602938,0.53395124,0.1982941,0.56023492,12.19704449,12.23732035,1,1,210.24695064,1
4707,0.56020517,0.48889706,0.55979752,0.16432838,0.57717146,12.27704745,12.31697314,1,1,210.24695064,1
4708,0.56829034,0.47155488,0.54617092,0.21073154,0.59474237,12.08877427,12.20221836,1,1,210.24695064,1
4709,0.54238202,0.48527306,0.55873679,0.19282336,0.61278454,12.06816636,12.13734639,1,1,210.24695064,1
4710,0.5582325,0.49953914,0.53262791,0.23896199,0.63052868,12.05688848,12.09763717,1,1,210.24695064,1
4711,0.55641753,0.52226569,0.54174615,0.20419844,0.64791778,11.88899323,11.96887915,1,1,210.24695064,1
4712,0.5580265,0.52552374,0.53019461,0.20693493,0.66495942,12.08942983,12.18152979,1,1,210.24695064,1
4713,0.55849524,0.52448224,0.53054551,0.17294758,0.64167919,12.24778802,12.33093733,1,1,210.24695064,1
4714,0.56637897,0.4802005,0.55459187,0.21784959,0.65818316,12.23424295,12.26664319,1,1,210.24695064,1
4715,0.54540144,0.48830718,0.53871441,0.1834926,0.67483765,12.03978657,12.13364747,1,1,210.24695064,1
4716,0.54837459,0.49685033,0.55487171,0.15401783,0.69079938,11.7165291,11.75061956,1,1,210.24695064,1
4717,0.53528817,0.50203803,0.53765379,0.20093747,0.70697954,11.75578101,11.86244078,1,1,210.24695064,1
4718,0.51789269,0.5034964,0.54425985,0.24691732,0.7228394,12.16950765,12.21897112,1,1,210.24695064,1
4719,0.5177686,0.5011444,0.54399791,0.21198296,0.7383753,12.11382544,12.23425184,1,1,210.24695064,1
4720,0.48296931,0.48260588,0.56213475,0.2577433,0.71364866,11.88358415,11.8928463,1,1,210.24695064,1
4721,0.48871531,0.48956455,0.57348348,0.24300513,0.68937569,11.68537569,11.79455845,1,1,210.24695064,1
4722,0.47595194,0.4773753,0.54535292,0.20814506,0.66558818,11.80380858,11.90880105,1,1,210.24695064,1
4723,0.47258125,0.4686814,0.56614043,0.25398216,0.64733009,12.01652189,12.07978561,1,1,210.24695064,1
4724,0.49318719,0.45825668,0.56497168,0.29813592,0.62439454,11.95653807,12.03149401,1,1,210.24695064,1
4725,0.48297814,0.46048373,0.54356114,0.26327248,0.60190789,11.89276959,11.90103651,1,1,210.24695064,1
4726,0.48375386,0.45997233,0.54352934,0.22817698,0.57986973,11.81368927,11.8794039,1,1,210.24695064,1
4727,0.46881096,0.48664518,0.55848361,0.27299486,0.55986533,12.05394458,12.06502665,1,1,210.24695064,1
4728,0.46998268,0.49563392,0.55973461,0.24006969,0.57866802,11.9278123,11.93468087,1,1,210.24695064,1
4729,0.47384249,0.46091955,0.53881078,0.27964701,0.59709466,11.98271322,11.99455937,1,1,210.24695064,1
4730,0.50506655,0.46219431,0.55698273,0.32405299,0.57515277,11.97797361,12.0946787,1,1,210.24695064,1
4731,0.49492411,0.46495802,0.54523772,0.28757544,0.55364974,11.74034187,11.77024559,1,1,210.24695064,1
4732,0.49474759,0.46365935,0.54543428,0.25291915,0.57257675,11.97774676,12.01911778,1,1,210.24695064,1
4733,0.55959317,0.50986619,0.54707611,0.29747791,0.59106923,12.19732235,12.19828457,1,1,210.24695064,1
4734,0.57166733,0.52413315,0.57165238,0.26155826,0.60924764,12.17903767,12.18626522,1,1,210.24695064,1
4735,0.56380983,0.52821079,0.54435584,0.22633201,0.62706249,11.99785829,12.07935655,1,1,210.24695064,1
4736,0.54944432,0.53470623,0.56589059,0.27156474,0.60501812,11.75468512,11.86824429,1,1,210.24695064,1
4737,0.56300531,0.52810722,0.53556535,0.236537,0.61071633,11.77234651,11.78564028,1,1,210.24695064,1
4738,0.56289078,0.52672565,0.53523468,0.20180626,0.628502,11.90934577,12.01529702,1,1,210.24695064,1
4739,0.55617895,0.48807271,0.53755044,0.24169681,0.60593732,12.20580838,12.25285641,1,1,210.24695064,1
4740,0.54437913,0.50455695,0.54700426,0.2747834,0.58381857,11.88210847,11.90525241,1,1,210.24695064,1
4741,0.54036782,0.4906307,0.56066371,0.31928773,0.60213533,12.49070634,12.51260805,1,1,210.24695064,1
4742,0.51854527,0.49178265,0.5406659,0.28290204,0.58025532,11.78828881,11.78985974,1,1,210.24695064,1
4743,0.53180507,0.47419328,0.55629365,0.2474563,0.59865021,12.05539028,12.14530414,1,1,210.24695064,1
4744,0.51187217,0.47936059,0.53648176,0.21250719,0.61667719,12.04488491,12.11154728,1,1,210.24695064,1
4745,0.51209808,0.47729117,0.53651315,0.17826377,0.59461514,11.67225669,11.69896281,1,1,210.24695064,1
4746,0.53121218,0.44124416,0.56023434,0.1446985,0.58096603,11.78585145,11.87281504,1,1,210.24695064,1
4747,0.49431646,0.44329174,0.54885112,0.11180453,0.55934676,12.01586706,12.11962187,1,1,210.24695064,1
4748,0.49731785,0.44670216,0.53081301,0.15842312,0.54860244,11.87831313,11.93043162,1,1,210.24695064,1
4749,0.47869083,0.45403554,0.53532848,0.20525401,0.53366181,11.73699969,11.83207832,1,1,210.24695064,1
4750,0.47869238,0.4537419,0.53501024,0.17121926,0.5129887,11.94905248,12.00494915,1,1,210.24695064,1
4751,0.53140675,0.50233533,0.56529888,0.13779487,0.53233992,11.9997875,12.05998621,1,1,210.24695064,1
4752,0.54586478,0.50348937,0.56028763,0.10503905,0.55163341,11.76069881,11.85947242,1,1,210.24695064,1
4753,0.53274587,0.51044107,0.54390868,0.15123518,0.53061135,12.06272419,12.06739068,1,1,210.24695064,1
4754,0.54235436,0.51752733,0.55030207,0.17284823,0.54999908,12.10605682,12.21469016,1,1,210.24695064,1
4755,0.56471794,0.51180486,0.54470288,0.20341164,0.5289991,11.96705237,12.05727121,1,1,210.24695064,1
4756,0.54481203,0.52651819,0.55496028,0.09415739,0.5947666,12.26375534,12.30031248,1,1,210.24695064,0
4757,0.54513142,0.52362949,0.55536167,0.22227423,0.54288412,11.72459642,11.73273661,1,1,210.24695064,0
4758,0.49777088,0.46458226,0.55710234,0.11356765,0.48843873,12.18725723,12.30042255,1,1,210.24695064,0
4759,0.44364361,0.39858952,0.52978542,0.00133609,0.55616726,12.21534219,12.33484585,1,1,210.24695064,0
4760,0.39713859,0.32550671,0.504121,0,0.51727632,12.06417758,12.11071648,1,1,210.24695064,0
4761,0.34842749,0.26865146,0.47395916,0,0.58717594,11.96758264,12.0809583,1,1,210.24695064,0
4762,0.33212037,0.22858479,0.46932203,0,0.53717594,11.96951748,12.07885434,1,1,210.24695064,0
4763,0.33155657,0.2281616,0.4688854,0.13,0.49707388,12.21283477,12.22807229,1,1,210.24695064,0
4764,0.41801649,0.3205557,0.50445228,0.25739964,0.56447387,12.24033557,12.35702374,1,1,210.24695064,0
4765,0.4292159,0.3766814,0.51155421,0.38143921,0.62932491,12.10257223,12.17790397,1,1,210.24695064,0
4766,0.47355576,0.45518333,0.49589579,0.50379031,0.64636545,12.43935203,12.53112812,1,1,210.24695064,0
4767,0.51938366,0.56258437,0.51866836,0.38373531,0.70616403,12.29604733,12.3484443,1,1,210.24695064,0
4768,0.56699171,0.61629646,0.54440361,0.50605514,0.7684697,11.87889249,11.88496223,1,1,210.24695064,0
4769,0.58624333,0.69834713,0.55018567,0.62516362,0.71998495,11.94558651,11.9846622,1,1,210.24695064,0
4770,0.61329173,0.72475662,0.55125694,0.5027189,0.65748168,12.12229135,12.19165461,1,1,210.24695064,0
4771,0.6136455,0.72642217,0.5513542,0.38270207,0.68595655,12.10069539,12.10126483,1,1,210.24695064,0
4772,0.57272657,0.65988856,0.55558028,0.26513501,0.63243905,12.12219506,12.19669704,1,1,210.24695064,0
4773,0.55200998,0.59235592,0.5576078,0.22983231,0.60989086,11.44774221,11.50184111,1,1,210.24695064,1
4774,0.54557974,0.52400886,0.54903584,0.19530174,0.58769304,11.41279265,11.43809279,1,1,210.24695064,1
4775,0.49574641,0.42252197,0.54498824,0.24139571,0.56593918,11.86529061,11.92767348,1,1,210.24695064,1
4776,0.49843566,0.317821,0.55064628,0.20810955,0.54462043,12.20368658,12.27328121,1,1,210.24695064,1
4777,0.47979049,0.26107183,0.54525112,0.25394187,0.56317604,12.02704382,12.05832253,1,1,210.24695064,1
4778,0.4770583,0.21725892,0.56000332,0.29848481,0.54191326,11.97646181,12.08421414,1,1,210.24695064,1
4779,0.47710609,0.21774996,0.55966546,0.34198314,0.56107474,12.16563779,12.21848121,1,1,210.24695064,1
4780,0.54313781,0.2297149,0.58319574,0.36552299,0.5398535,11.82494817,11.90930664,1,1,210.24695064,1
4781,0.54205227,0.24376094,0.58096852,0.40817014,0.55904805,12.24584524,12.29674538,1,1,210.24695064,1
4782,0.53635243,0.24863482,0.58383929,0.44179568,0.53786709,11.93280726,12.0435025,1,1,210.24695064,1
4783,0.51793995,0.26695223,0.57687641,0.40296174,0.54292144,12.21539682,12.32306102,1,1,210.24695064,1
4784,0.51783797,0.2661235,0.55605955,0.4448924,0.52206301,11.91456867,12.02184148,1,1,210.24695064,1
4785,0.5254193,0.27272915,0.56339494,0.48596576,0.50162193,12.19038444,12.25033844,1,1,210.24695064,1
4786,0.51909002,0.28588544,0.5741733,0.49463438,0.52158949,12.48789014,12.60478109,1,1,210.24695064,1
4787,0.51952754,0.28806076,0.57388764,0.45498034,0.50115806,11.67999984,11.75364921,1,1,210.24695064,1
4788,0.58578755,0.29945973,0.57685377,0.41608574,0.48114024,12.07091557,12.14143162,1,1,210.24695064,1
4789,0.59528142,0.29468157,0.58617565,0.37776511,0.48345448,11.57930003,11.68079873,1,1,210.24695064,1
4790,0.58134076,0.3081125,0.57709036,0.42020949,0.5037851,11.65873787,11.71067193,1,1,210.24695064,1
4791,0.5815208,0.32737048,0.59122682,0.46178215,0.52370939,12.10678773,12.141842,1,1,210.24695064,1
4792,0.55472243,0.32562213,0.56677034,0.46959438,0.54323513,11.78068045,11.81491623,1,1,210.24695064,1
4793,0.55619465,0.3425322,0.58449141,0.45839981,0.52237577,11.98588361,12.06911801,1,1,210.24695064,1
4794,0.56117619,0.33829976,0.59231285,0.42304614,0.54042852,11.79707317,11.87399702,1,1,210.24695064,1
4795,0.56037676,0.33425786,0.5922528,0.38721893,0.55955307,12.24593643,12.2551248,1,1,210.24695064,1
4796,0.62194902,0.3070697,0.59228442,0.35160867,0.57836142,11.71200974,11.75308708,1,1,210.24695064,1
4797,0.60654761,0.32764418,0.61249753,0.3145765,0.59678934,11.94961075,12.01497288,1,1,210.24695064,1
4798,0.57494276,0.32691738,0.59701996,0.27828499,0.57504336,11.84781405,11.94416451,1,1,210.24695064,1
4799,0.59146871,0.33391296,0.59563901,0.24271938,0.59305139,12.37173813,12.44387884,1,1,210.24695064,1
4800,0.56487147,0.34756382,0.59400905,0.21351336,0.57136654,11.93695494,11.98214249,1,1,210.24695064,1
4801,0.56594236,0.35371825,0.58056308,0.20931015,0.58992102,11.97417175,11.97923254,1,1,210.24695064,1
4802,0.54838216,0.36004378,0.60471017,0.25266124,0.5681226,12.33437117,12.39605448,1,1,210.24695064,1
4803,0.54832714,0.35910491,0.60474017,0.29760792,0.5482633,12.16727446,12.25150278,1,1,210.24695064,1
4804,0.59731092,0.32481276,0.62517371,0.26165603,0.54973465,12.01309612,12.1225702,1,1,210.24695064,1
4805,0.5721911,0.32860635,0.6062276,0.30639928,0.54992407,12.04807532,12.09934551,1,1,210.24695064,1
4806,0.5642535,0.33175233,0.6101161,0.32100816,0.54974511,11.89224114,11.97196833,1,1,210.24695064,1
4807,0.55059237,0.35835192,0.60748636,0.28460062,0.54445183,12.16588111,12.23534335,1,1,210.24695064,1
4808,0.54440921,0.36484219,0.60452735,0.3289086,0.52356282,12.32204235,12.39207303,1,1,210.24695064,1
4809,0.53148726,0.37611667,0.61380228,0.37233009,0.54072214,11.98550245,12.05499604,1,1,210.24695064,1
4810,0.53219139,0.37359792,0.61399486,0.33513835,0.55990727,11.79514026,11.87363106,1,1,210.24695064,1
4811,0.59206411,0.36995087,0.61290463,0.30520801,0.53870912,11.82849404,11.94329885,1,1,210.24695064,1
4812,0.56087928,0.3695906,0.60881243,0.26912188,0.51793494,11.83155721,11.86287508,1,1,210.24695064,1
4813,0.5609483,0.37198023,0.63416848,0.31373914,0.50693003,12.10038472,12.14625334,1,1,210.24695064,1
4814,0.53628974,0.39513327,0.61509788,0.33128045,0.52679143,11.71819793,11.82452456,1,1,210.24695064,1
4815,0.55662384,0.39479314,0.5958906,0.29467116,0.50627697,12.00440691,12.03849687,1,1,210.24695064,1
4816,0.54304672,0.41008717,0.61846075,0.33877768,0.52614482,12.17285542,12.24797758,1,1,210.24695064,1
4817,0.543293,0.40719489,0.61819871,0.38003561,0.50562192,11.92289892,11.93957542,1,1,210.24695064,1
4818,0.63033788,0.41087575,0.64986863,0.3424349,0.48550957,11.99679896,12.08484941,1,1,210.24695064,1
4819,0.61247543,0.40649787,0.6171042,0.38558502,0.46669181,12.03155025,12.09701049,1,1,210.24695064,1
4820,0.58890646,0.42361975,0.62071679,0.42787332,0.48705823,12.11336471,12.21285979,1,1,210.24695064,1
4821,0.58157169,0.43732005,0.61126125,0.46931585,0.46787221,12.17164391,12.24158311,1,1,210.24695064,1
4822,0.60290067,0.43958808,0.6179018,0.45694882,0.48851477,11.89405505,11.90415025,1,1,210.24695064,1
4823,0.58154318,0.46095518,0.62789123,0.417911,0.4687523,11.69103594,11.76397401,1,1,210.24695064,1
4824,0.58213913,0.46276472,0.62774993,0.45949163,0.48937708,11.84449175,11.89500018,1,1,210.24695064,1
4825,0.63702388,0.41625802,0.66079291,0.49992732,0.47449168,11.93511184,12.0239703,1,1,210.24695064,1
4826,0.63590868,0.43993594,0.62674483,0.51719447,0.49500144,12.32394514,12.43568757,1,1,210.24695064,1
4827,0.61938121,0.45016783,0.62515839,0.4768839,0.50727824,11.59574889,11.66728148,1,1,210.24695064,1
4828,0.59428614,0.46192586,0.62214715,0.49356448,0.49536233,12.13329703,12.19444083,1,1,210.24695064,1
4829,0.56641645,0.44798293,0.63617387,0.53369319,0.51545374,11.68996064,11.72589763,1,1,210.24695064,1
4830,0.56084629,0.46675071,0.64455444,0.49301933,0.51928721,12.07450917,12.17163747,1,1,210.24695064,1
4831,0.55518411,0.47306452,0.64113125,0.45315894,0.53890095,11.4836395,11.48923365,1,1,210.24695064,1
4832,0.55420628,0.47290549,0.641132,0.42087261,0.55789487,11.66067837,11.70615587,1,1,210.24695064,1
4833,0.55616215,0.41720208,0.64278764,0.46245516,0.53673697,12.06434112,12.12594282,1,1,210.24695064,1
4834,0.54064623,0.41761392,0.65509871,0.5023662,0.55586388,12.14892875,12.22962382,1,1,210.24695064,1
4835,0.54088071,0.42634634,0.64281627,0.54044826,0.57468907,12.14889619,12.19095875,1,1,210.24695064,1
4836,0.53461398,0.41995646,0.63167306,0.5764115,0.55319549,11.80481991,11.89687256,1,1,210.24695064,1
4837,0.51631954,0.4317807,0.61909355,0.5477036,0.569858,12.00560759,12.07271614,1,1,210.24695064,1
4838,0.51555215,0.43331992,0.61902821,0.58672904,0.58845879,11.97886954,12.03889968,1,1,210.24695064,1
4839,0.58500361,0.4412232,0.61952304,0.62499418,0.56670475,11.53634088,11.59616331,1,1,210.24695064,1
4840,0.5849735,0.45466463,0.64153442,0.58257615,0.55275081,11.85221557,11.90399357,1,1,210.24695064,1
4841,0.57614948,0.46177491,0.60921483,0.54150144,0.57169579,12.03175311,12.11099418,1,1,210.24695064,1
4842,0.57768911,0.48101524,0.62679905,0.58067113,0.59026186,11.71294522,11.82190861,1,1,210.24695064,1
4843,0.55876654,0.48366191,0.62314911,0.61884288,0.56858981,12.08097646,12.15768112,1,1,210.24695064,1
4844,0.54981898,0.48216425,0.59803839,0.5956026,0.54726363,11.78494013,11.89960932,1,1,210.24695064,1
4845,0.54973373,0.48386881,0.59787922,0.62419259,0.56631833,12.13684562,12.22269421,1,1,210.24695064,1
4846,0.50915714,0.44949512,0.60068681,0.65909002,0.54499196,12.08905465,12.16735572,1,1,210.24695064,1
4847,0.50485417,0.43534893,0.62623388,0.61609406,0.56315007,12.35115811,12.39653893,1,1,210.24695064,1
4848,0.4930678,0.42832339,0.60309933,0.57379561,0.57299296,12.48634114,12.56722413,1,1,210.24695064,1
4849,0.50676723,0.43518581,0.5894315,0.60411731,0.5515331,12.17511561,12.19529152,1,1,210.24695064,1
4850,0.50619565,0.42314277,0.61331326,0.64203496,0.53050245,11.7723214,11.79292568,1,1,210.24695064,1
4851,0.50021932,0.44637114,0.596175,0.59926511,0.50989276,11.68840312,11.766413,1,1,210.24695064,1
4852,0.50023578,0.4454812,0.59630349,0.55772146,0.4897009,11.97784965,12.01247644,1,1,210.24695064,1
4853,0.54527994,0.48893241,0.61668159,0.59656032,0.50990258,11.8594447,11.90324848,1,1,210.24695064,1
4854,0.55123149,0.51110562,0.58882338,0.55472773,0.48970456,11.8907067,11.93129734,1,1,210.24695064,1
4855,0.56181936,0.50217443,0.59270861,0.59363316,0.50991046,11.63425946,11.73948032,1,1,210.24695064,1
4856,0.57628054,0.52211266,0.57863901,0.5517605,0.48977251,11.72130057,11.81253626,1,1,210.24695064,1
4857,0.54943748,0.49903295,0.58300801,0.58460248,0.47568683,11.7741598,11.7936843,1,1,210.24695064,1
4858,0.55107883,0.50021549,0.58340606,0.58219472,0.49606734,12.19610359,12.26480474,1,1,210.24695064,1
4859,0.50890237,0.46472456,0.59912899,0.62054865,0.51310381,11.5793287,11.67223933,1,1,210.24695064,1
4860,0.49528249,0.46058483,0.59013387,0.57813789,0.49284174,11.85635911,11.9531333,1,1,210.24695064,1
4861,0.51035289,0.46648684,0.59019492,0.61657512,0.49437784,11.86064078,11.87973269,1,1,210.24695064,1
4862,0.51554637,0.4736762,0.59128426,0.65423747,0.47449397,11.6352961,11.6863906,1,1,210.24695064,1
4863,0.51352636,0.44573575,0.57553837,0.67402295,0.49500262,12.24626485,12.27967001,1,1,210.24695064,1
4864,0.51036993,0.44406809,0.59642871,0.63350493,0.47510257,12.29664473,12.32784234,1,1,210.24695064,1
4865,0.51005178,0.44471262,0.59661149,0.59116661,0.48027019,11.8380897,11.94114182,1,1,210.24695064,1
4866,0.57818011,0.45646133,0.6137137,0.54934328,0.46073851,11.88044212,11.94322306,1,1,210.24695064,1
4867,0.55345411,0.46423394,0.61563775,0.50836337,0.48151884,12.02301413,12.05625222,1,1,210.24695064,1
4868,0.57362775,0.47790458,0.62368035,0.46821003,0.46198486,11.85318532,11.90719887,1,1,210.24695064,1
4869,0.55154729,0.46828268,0.60942774,0.50884583,0.44274521,11.81452467,11.87127339,1,1,210.24695064,1
4870,0.54413465,0.48405969,0.59558413,0.4884107,0.46389031,12.24520321,12.36259065,1,1,210.24695064,1
4871,0.53561753,0.50249537,0.59645706,0.52832009,0.48431783,11.90100381,11.94492512,1,1,210.24695064,1
4872,0.54255773,0.51616348,0.60137751,0.56775366,0.50129048,12.10157254,12.14422867,1,1,210.24695064,1
4873,0.54331011,0.51794899,0.60162054,0.60639857,0.48126773,11.98445837,12.07902854,1,1,210.24695064,1
4874,0.52388437,0.50069272,0.60552397,0.56691553,0.50164238,11.7213571,11.82427561,1,1,210.24695064,1
4875,0.53327324,0.47974831,0.59684058,0.52557722,0.48568955,12.29157985,12.40069917,1,1,210.24695064,1
4876,0.50583144,0.4750921,0.60750781,0.56506065,0.46597576,12.0325553,12.12486155,1,1,210.24695064,1
4877,0.50191919,0.47572997,0.59750325,0.60369945,0.48665612,12.33915413,12.41504351,1,1,210.24695064,1
4878,0.49990967,0.47584283,0.59187901,0.56162556,0.506923,11.97393117,12.05873073,1,1,210.24695064,1
4879,0.50662737,0.48879197,0.58543851,0.60039305,0.52678432,11.55464221,11.56812552,1,1,210.24695064,1
4880,0.50676045,0.48904448,0.58588728,0.63787774,0.54624674,11.97426023,12.01963602,1,1,210.24695064,1
4881,0.57468325,0.50391343,0.59118521,0.6061448,0.52540078,12.18515982,12.21204376,1,1,210.24695064,1
4882,0.54336939,0.52107341,0.60571406,0.57500177,0.54467262,12.12090486,12.14145285,1,1,210.24695064,1
4883,0.55223495,0.53573202,0.61272192,0.608992,0.52708917,11.87758824,11.97114343,1,1,210.24695064,1
4884,0.54121273,0.52894092,0.61002575,0.64617961,0.50674717,11.92835718,11.96523554,1,1,210.24695064,1
4885,0.55731989,0.52996527,0.60131477,0.68190664,0.48661223,12.13860449,12.17028474,1,1,210.24695064,1
4886,0.55878698,0.55982795,0.58966848,0.6384321,0.46687999,12.22451695,12.29035638,1,1,210.24695064,1
4887,0.55784877,0.56607327,0.58838498,0.59566359,0.46828728,12.07021569,12.11562975,1,1,210.24695064,1
4888,0.54638907,0.5563357,0.59071276,0.63375032,0.47518202,11.99137367,12.07823826,1,1,210.24695064,1
4889,0.54576448,0.5548937,0.59066111,0.59107533,0.46241881,12.28447451,12.2979667,1,1,210.24695064,1
4890,0.49995532,0.53256358,0.61496516,0.62925382,0.4432008,12.03338196,12.10074236,1,1,210.24695064,1
4891,0.51780863,0.51032087,0.61206329,0.58670934,0.42443009,11.86664238,11.92357732,1,1,210.24695064,1
4892,0.50873008,0.52026685,0.58414733,0.54598592,0.41708268,11.93128329,12.01654145,1,1,210.24695064,1
4893,0.51483865,0.52173194,0.60402845,0.57560707,0.40308244,11.96300988,12.00638617,1,1,210.24695064,1
4894,0.49013538,0.49780964,0.59688543,0.61409431,0.42502079,12.26096955,12.26403883,1,1,210.24695064,1
4895,0.50696226,0.51290741,0.57638994,0.65045992,0.40671523,11.84981972,11.9388923,1,1,210.24695064,1
4896,0.50745349,0.51263429,0.57654813,0.61494224,0.38858122,11.7702039,11.79424307,1,1,210.24695064,1
4897,0.587058,0.53179832,0.58031128,0.58724218,0.41080951,11.9076458,11.9781762,1,1,210.24695064,1
4898,0.58730264,0.53194821,0.60261477,0.54549734,0.43259305,12.06399635,12.09022027,1,1,210.24695064,1
4899,0.56972404,0.53897226,0.57157869,0.50458862,0.41446974,12.02651133,12.12029581,1,1,210.24695064,1
4900,0.56184579,0.53642847,0.58576508,0.49188403,0.4353523,11.77015626,11.84122991,1,1,210.24695064,1
4901,0.54893363,0.5417754,0.56688167,0.37204635,0.37551462,11.5601586,11.62887262,1,1,210.24695064,0
4902,0.56002619,0.56107658,0.57848915,0.2870024,0.31807701,11.91488281,12.01911111,1,1,210.24695064,0
4903,0.56111567,0.56486989,0.57840916,0.17278606,0.38230617,11.93483546,11.94494358,1,1,210.24695064,0
4904,0.53670257,0.55342961,0.45103253,0.05934227,0.32941974,12.02363826,12.10783493,1,1,210.24695064,0
4905,0.46440954,0.58709611,0.29506655,0.18815491,0.39823287,11.92151042,12.00941265,1,1,210.24695064,0
4906,0.35159525,0.64575079,0.08631279,0.30260645,0.3444698,11.91406404,11.96143014,1,1,210.24695064,0
4907,0.26955731,0.69096681,0.93364204,0.20358539,0.38293823,11.83744155,11.90537895,1,1,210.24695064,0
4908,0.21061183,0.74661558,0.83080425,0.08952097,0.32920397,12.27650158,12.32999439,1,1,210.24695064,0
4909,0.21111922,0.74818661,0.83095314,0,0.397214,12.32976522,12.39548692,1,1,210.24695064,0
4910,0.24913252,0.79120455,0.79045362,0.12999993,0.34721624,12.22860606,12.3244072,1,1,210.24695064,0
4911,0.31749128,0.7223361,0.70133398,0.01740555,0.41336443,11.76762012,11.86460481,1,1,210.24695064,0
4912,0.39266363,0.66119314,0.62146609,0.14705614,0.48233366,12.05677463,12.09407901,1,1,210.24695064,0
4913,0.50440024,0.56781807,0.49406369,0.27380176,0.54938416,12.18225942,12.21582024,1,1,210.24695064,0
4914,0.59697728,0.51043531,0.4014026,0.31832562,0.52840141,11.88279827,11.99832475,1,1,210.24695064,1
4915,0.6663696,0.45153042,0.32814176,0.36195911,0.54783257,12.13812115,12.24129326,1,1,210.24695064,1
4916,0.69631424,0.43351548,0.27714851,0.39684951,0.56687592,12.06833723,12.09632991,1,1,210.24695064,1
4917,0.69665836,0.42930983,0.27700834,0.37712049,0.5855384,11.96289125,12.02061,1,1,210.24695064,1
4918,0.72917773,0.35803344,0.28550537,0.33957808,0.56385555,12.22192337,12.34217813,1,1,210.24695064,1
4919,0.72128274,0.3704943,0.29111864,0.30290513,0.54257844,12.08303669,12.1099435,1,1,210.24695064,1
4920,0.68270956,0.38653736,0.29334279,0.26684703,0.53418692,12.05802578,12.10126311,1,1,210.24695064,1
4921,0.67705012,0.39018149,0.29172301,0.2315247,0.55350001,11.47609818,11.58913459,1,1,210.24695064,1
4922,0.66774901,0.3940325,0.30358275,0.2768942,0.53244771,11.83027723,11.8327681,1,1,210.24695064,1
4923,0.62550226,0.39308145,0.30897647,0.24137799,0.51179876,11.88335576,11.99149786,1,1,210.24695064,1
4924,0.61910739,0.39297981,0.32117433,0.20655049,0.52546402,11.85890558,11.90834499,1,1,210.24695064,1
4925,0.61294624,0.41416732,0.32421287,0.25240619,0.50495532,11.99416245,12.035173,1,1,210.24695064,1
4926,0.60527496,0.41140459,0.32286366,0.29731216,0.52438747,12.00129331,12.01628047,1,1,210.24695064,1
4927,0.60523048,0.41268982,0.3227685,0.26136735,0.54387767,12.23718514,12.29798261,1,1,210.24695064,1
4928,0.64343304,0.38111628,0.34040709,0.22614,0.56300008,12.16958739,12.2640917,1,1,210.24695064,1
4929,0.65716067,0.3865964,0.33501437,0.2716172,0.56752171,11.85288034,11.93755512,1,1,210.24695064,1
4930,0.63172536,0.38411686,0.33600468,0.31538522,0.54869042,12.13330774,12.24348789,1,1,210.24695064,1
4931,0.60428356,0.40863191,0.34008415,0.31768261,0.53312557,11.79580858,11.83489784,1,1,210.24695064,1
4932,0.62616468,0.40963658,0.35852554,0.36132896,0.51258319,11.89161123,11.91475538,1,1,210.24695064,1
4933,0.61651559,0.42226337,0.36399722,0.32411115,0.53233153,12.07301092,12.17879517,1,1,210.24695064,1
4934,0.58367416,0.42284311,0.35580721,0.36762893,0.5503044,11.99103299,12.02225454,1,1,210.24695064,1
4935,0.58369029,0.42658746,0.35618152,0.41027632,0.52929838,12.06497472,12.16417304,1,1,210.24695064,1
4936,0.59685043,0.39571797,0.37181496,0.37208834,0.5470347,12.21901046,12.24678417,1,1,210.24695064,1
4937,0.58591746,0.39889176,0.38340154,0.40759365,0.55492283,12.0754223,12.18053475,1,1,210.24695064,1
4938,0.58128658,0.40273987,0.37399891,0.44943988,0.53382439,11.75641528,11.83658054,1,1,210.24695064,1
4939,0.57018861,0.39957761,0.38246292,0.41045108,0.51314792,11.55151798,11.60626325,1,1,210.24695064,1
4940,0.54830549,0.38951992,0.38511614,0.37226862,0.53288496,12.09324494,12.15365753,1,1,210.24695064,1
4941,0.5447671,0.41019358,0.39455113,0.33482325,0.55187394,12.20708403,12.24191983,1,1,210.24695064,1
4942,0.54396486,0.40562345,0.39412983,0.2988577,0.53856296,12.07645757,12.08447971,1,1,210.24695064,1
4943,0.58214961,0.41359948,0.39984795,0.26296044,0.5577903,11.95712699,12.04721524,1,1,210.24695064,1
4944,0.58685258,0.41298581,0.40231498,0.30769663,0.57363288,11.71136236,11.81154228,1,1,210.24695064,1
4945,0.59379695,0.42265917,0.40652355,0.35149333,0.59206753,11.9985276,12.00388051,1,1,210.24695064,1
4946,0.5761667,0.43031376,0.40015727,0.39446346,0.61022543,11.60655355,11.66563018,1,1,210.24695064,1
4947,0.58022381,0.46512469,0.41075899,0.36985714,0.62781692,12.15609608,12.22937591,1,1,210.24695064,1
4948,0.57382638,0.45778942,0.40956239,0.33246,0.64526056,12.18012497,12.24368831,1,1,210.24695064,1
4949,0.5764124,0.46193965,0.41331659,0.29805727,0.66235288,12.04903131,12.0970995,1,1,210.24695064,1
4950,0.54725044,0.48134399,0.4235045,0.27651031,0.63910582,11.72976188,11.78683543,1,1,210.24695064,1
4951,0.55350684,0.49102393,0.42276434,0.24100772,0.65551953,12.10326402,12.11527002,1,1,210.24695064,1
4952,0.55372415,0.48772621,0.42232155,0.22691289,0.67240914,11.9340525,12.01912548,1,1,210.24695064,1
4953,0.61486238,0.45443208,0.42890733,0.21900566,0.68896018,12.23708072,12.26158286,1,1,210.24695064,1
4954,0.61245098,0.46030966,0.44744509,0.25715627,0.67141134,11.97264376,12.04808233,1,1,210.24695064,1
4955,0.6104626,0.47692153,0.44545916,0.30198709,0.64801394,11.69376861,11.69511011,1,1,210.24695064,1
4956,0.59647606,0.49083528,0.43000564,0.34582473,0.62505564,12.2008293,12.27877073,1,1,210.24695064,1
4957,0.58916969,0.49369593,0.45020701,0.38819731,0.60255453,12.1496595,12.26412204,1,1,210.24695064,1
4958,0.56128995,0.52153337,0.45716459,0.35043359,0.62046396,12.04844055,12.07816519,1,1,210.24695064,1
4959,0.56063023,0.51490743,0.44111446,0.31343215,0.60343012,12.26733159,12.34177378,1,1,210.24695064,1
4960,0.56025758,0.51432848,0.44131838,0.29253295,0.62135704,11.83067298,11.84942463,1,1,210.24695064,1
4961,0.58490259,0.48160383,0.4617548,0.33021136,0.59897234,11.69973893,11.76564361,1,1,210.24695064,1
4962,0.58334498,0.47616586,0.45269173,0.29361383,0.61697384,11.91945949,12.00007206,1,1,210.24695064,1
4963,0.54788319,0.50398499,0.4586146,0.25829312,0.59463436,12.01204748,12.01673413,1,1,210.24695064,1
4964,0.55015421,0.49039884,0.46915829,0.30312137,0.61237062,11.95489537,12.03084812,1,1,210.24695064,1
4965,0.51916398,0.50112888,0.45678104,0.34663328,0.63005612,12.03810244,12.0762687,1,1,210.24695064,1
4966,0.52330326,0.49831646,0.45446485,0.30970062,0.64722529,12.26894769,12.35913726,1,1,210.24695064,1
4967,0.52351845,0.49726788,0.45472023,0.27350661,0.64954003,11.82026141,11.85695993,1,1,210.24695064,1
4968,0.55748402,0.43900982,0.47303764,0.31803648,0.66654914,12.16047376,12.21592557,1,1,210.24695064,1
4969,0.54375656,0.45293863,0.48436527,0.3607608,0.64321816,12.12420089,12.1399705,1,1,210.24695064,1
4970,0.54551854,0.45156551,0.48287131,0.39922121,0.62111689,11.83976992,11.94359936,1,1,210.24695064,1
4971,0.52605118,0.46670893,0.5021216,0.44123678,0.63861595,12.15649328,12.17538579,1,1,210.24695064,1
4972,0.52757252,0.49146234,0.50203718,0.48241094,0.65584363,12.14421098,12.1706607,1,1,210.24695064,1
4973,0.52772613,0.49483484,0.50238341,0.52275896,0.65655903,12.1781313,12.28697119,1,1,210.24695064,1
4974,0.52317456,0.47767941,0.50246128,0.56229682,0.63342785,12.34984823,12.38468416,1,1,210.24695064,1
4975,0.51637355,0.46461004,0.5247417,0.53705631,0.64363248,11.7559331,11.82005997,1,1,210.24695064,1
4976,0.515167,0.47715502,0.514569,0.5436146,0.62760707,12.23059224,12.34143594,1,1,210.24695064,1
4977,0.50442875,0.47532032,0.51317708,0.50274231,0.64505403,12.34794854,12.42215401,1,1,210.24695064,1
4978,0.50763267,0.46593857,0.51959959,0.54268746,0.62215295,12.16218171,12.19928372,1,1,210.24695064,1
4979,0.50818837,0.4649481,0.51931994,0.55259106,0.63944542,11.83123545,11.877998,1,1,210.24695064,1
4980,0.55990588,0.51243826,0.54250063,0.59153771,0.61666691,11.74309026,11.85448215,1,1,210.24695064,1
4981,0.55340644,0.50675706,0.53441934,0.56025621,0.59447813,11.856127,11.94372521,1,1,210.24695064,1
4982,0.57001058,0.51801251,0.53818381,0.52308869,0.60059395,12.2390831,12.3366515,1,1,210.24695064,1
4983,0.56861285,0.52910478,0.54224749,0.53927727,0.5785998,12.10976731,12.16384147,1,1,210.24695064,1
4984,0.56285675,0.5174451,0.52250287,0.49855706,0.59702662,12.26985978,12.36735659,1,1,210.24695064,1
4985,0.56245895,0.51879282,0.52243635,0.53858592,0.61382315,12.29819392,12.41466957,1,1,210.24695064,1
4986,0.56176181,0.45407492,0.53138507,0.57781419,0.63154513,11.55126833,11.61471196,1,1,210.24695064,1
4987,0.54440793,0.46964932,0.53879818,0.61621382,0.64890345,11.81199167,11.91482141,1,1,210.24695064,1
4988,0.55466837,0.47527668,0.5386455,0.58733279,0.62596877,11.71162836,11.78200547,1,1,210.24695064,1
4989,0.52575888,0.48383998,0.54806004,0.62558613,0.60344966,11.50581916,11.60189947,1,1,210.24695064,1
4990,0.5322146,0.48196677,0.54826381,0.58332079,0.61514717,11.92948725,11.99955621,1,1,210.24695064,1
4991,0.50941727,0.48907597,0.53402499,0.54169295,0.5929551,11.88945009,11.96786955,1,1,210.24695064,1
4992,0.50980952,0.49175242,0.53365253,0.58084242,0.61109561,12.02806865,12.09668099,1,1,210.24695064,1
4993,0.5646475,0.47639987,0.53439448,0.58974151,0.62202681,12.30857434,12.42587654,1,1,210.24695064,1
4994,0.5449999,0.47380308,0.553387,0.62794582,0.63958627,11.97830575,12.02842075,1,1,210.24695064,1
4995,0.55172214,0.49010122,0.52744358,0.6653869,0.61679527,11.99278096,12.08657282,1,1,210.24695064,1
4996,0.52459364,0.51347,0.52492193,0.70207853,0.63445399,12.12871805,12.23837021,1,1,210.24695064,1
4997,0.52298627,0.5002459,0.51583315,0.66134978,0.65102739,12.27901905,12.37515166,1,1,210.24695064,1
4998,0.52227343,0.50085533,0.51596488,0.61818251,0.66800434,12.2610511,12.31674472,1,1,210.24695064,1
4999,0.49198688,0.49331588,0.51862326,0.65581886,0.64957021,12.0365344,12.11024666,1,1,210.24695064,1
